-267.20,0.00,270.00,5.26
-267.60,0.00,270.00,5.29
-267.60,0.00,270.00,5.21
-267.20,0.00,270.00,5.17
-267.20,0.00,268.80,5.17
-266.40,0.00,268.80,5.15
-266.40,0.00,268.80,5.24
-266.40,0.00,268.40,5.21
-266.00,0.00,268.40,5.16
-266.40,0.00,268.40,5.29
-266.40,0.00,268.80,5.25
-266.00,0.00,268.40,5.24
-266.00,0.00,268.40,5.08
-266.00,0.00,268.40,5.26
-266.00,0.00,268.40,5.09
-266.00,0.00,268.40,5.15
-266.00,0.00,268.40,5.26
-266.00,0.00,268.40,5.17
-266.00,0.00,268.40,5.26
-266.00,0.00,268.40,5.19
-266.00,0.00,268.40,5.06
-266.00,0.00,268.40,5.24
-266.00,0.00,268.40,5.05
-265.60,0.00,268.40,5.16
-266.00,0.00,268.40,5.28
-265.60,0.00,268.00,5.24
-266.00,0.00,268.40,5.07
-265.60,0.00,268.00,5.11
-265.60,0.00,268.40,5.05
-265.60,0.00,268.00,5.26
-265.60,0.00,268.00,5.28
-265.60,0.00,268.00,5.07
-265.60,0.00,268.00,5.16
-265.60,0.00,268.00,5.30
-265.60,0.00,268.00,5.24
-265.60,0.00,268.00,5.20
-265.60,0.00,268.00,5.27
-265.60,0.00,268.00,5.22
-265.60,0.00,268.00,5.11
-265.60,0.00,268.00,5.26
-265.60,0.00,268.00,5.18
-265.60,0.00,268.00,5.08
-265.60,0.00,268.00,5.20
-265.60,0.00,268.00,5.11
-265.60,0.00,267.60,5.18
-265.20,0.00,267.60,5.09
-265.60,0.00,267.60,5.19
-265.20,0.00,268.00,5.20
-265.20,0.00,267.60,5.25
-265.20,0.00,267.60,5.26
-265.60,0.00,267.60,5.21
-265.20,0.00,267.60,5.25
-265.20,0.00,267.60,5.11
-264.80,0.00,267.60,5.21
-265.20,0.00,268.00,5.10
-265.20,0.00,267.60,5.26
-265.20,0.00,267.60,5.09
-265.20,0.00,267.60,5.19
-265.20,0.00,267.60,5.12
-265.20,0.00,267.60,5.16
-265.20,0.00,267.60,5.14
-265.20,0.00,267.60,5.25
-265.20,0.00,267.20,5.11
-264.80,0.00,267.20,5.21
-264.80,0.00,267.20,5.15
-264.80,0.00,267.20,5.14
-264.80,0.00,267.20,5.27
-264.80,0.00,267.20,5.20
-264.80,0.00,267.20,5.25
-264.80,0.00,267.20,5.19
-264.80,0.00,267.20,5.20
-264.80,0.00,267.20,5.14
-264.80,0.00,267.20,5.16
-264.80,0.00,267.20,5.20
-264.80,0.00,267.20,5.13
-264.80,0.00,267.20,5.08
-264.40,0.00,267.20,5.25
-264.80,0.00,267.20,5.24
-264.80,0.00,267.20,5.16
-264.40,0.00,266.80,5.16
-264.80,0.00,267.20,5.24
-264.00,0.00,266.40,5.26
-264.40,0.00,266.80,5.13
-264.40,0.00,266.80,5.23
-264.40,0.00,266.80,5.20
-264.40,0.00,266.80,5.28
-264.40,0.00,266.80,5.09
-264.40,0.00,266.80,5.17
-264.40,0.00,266.80,5.07
-264.40,0.00,266.80,5.28
-264.40,0.00,266.80,5.24
-264.40,0.00,266.80,5.25
-264.40,0.00,266.80,5.11
-264.40,0.00,266.80,5.09
-264.40,0.00,266.80,5.12
-264.40,0.00,266.40,5.16
-264.40,0.00,266.80,5.23
-264.00,0.00,266.80,5.23
-264.40,0.00,266.80,5.06
-264.00,0.00,266.40,5.11
-264.00,0.00,266.00,5.16
-264.00,0.00,266.40,5.11
-264.00,0.00,266.40,5.15
-264.00,0.00,266.40,5.06
-264.00,0.00,266.40,5.19
-264.00,0.00,266.40,5.26
-264.00,0.00,266.40,5.18
-264.00,0.00,266.40,5.21
-264.00,0.00,266.40,5.24
-264.00,0.00,266.40,5.26
-264.00,0.00,266.40,5.08
-264.00,0.00,266.40,5.25
-264.00,0.00,266.40,5.21
-264.00,0.00,266.40,5.26
-263.60,0.00,266.00,5.14
-264.00,0.00,266.40,5.21
-264.00,0.00,266.40,5.07
-264.00,0.00,266.40,5.24
-263.60,0.00,266.00,5.26
-263.60,0.00,266.00,5.16
-263.60,0.00,266.00,5.07
-263.60,0.00,266.00,5.20
-263.60,0.00,266.00,5.28
-263.60,0.00,266.00,5.21
-263.60,0.00,266.00,5.12
-263.60,0.00,266.00,5.19
-263.60,0.00,266.00,5.22
-263.60,0.00,266.00,5.26
-263.60,0.00,266.00,5.14
-263.60,0.00,266.00,5.18
-263.60,0.00,266.00,5.19
-263.60,0.00,266.00,5.16
-263.60,0.00,266.00,5.10
-263.20,0.00,265.60,5.09
-263.20,0.00,265.60,5.17
-263.60,0.00,266.00,5.15
-263.20,0.00,265.60,5.08
-263.20,0.00,265.60,5.26
-263.20,0.00,265.60,5.09
-263.20,0.00,265.60,5.20
-263.20,0.00,265.60,5.22
-263.20,0.00,265.60,5.28
-263.20,0.00,265.60,5.12
-263.20,0.00,265.60,5.24
-263.20,0.00,265.60,5.30
-263.20,0.00,265.60,5.29
-262.80,0.00,265.60,5.27
-263.20,0.00,265.20,5.14
-263.20,0.00,265.60,5.26
-262.80,0.00,265.60,5.25
-263.20,0.00,265.20,5.28
-262.80,0.00,265.20,5.23
-262.80,0.00,265.20,5.25
-262.80,0.00,265.20,5.25
-262.80,0.00,265.20,5.20
-262.80,0.00,265.20,5.26
-262.80,0.00,265.20,5.26
-262.40,0.00,265.20,5.16
-262.80,0.00,265.20,5.10
-262.80,0.00,265.20,5.14
-262.80,0.00,265.20,5.14
-262.80,0.00,264.80,5.27
-262.80,0.00,264.80,5.20
-262.80,0.00,265.20,5.14
-262.80,0.00,265.20,5.20
-262.80,0.00,265.20,5.16
-262.40,0.00,265.20,5.10
-262.40,0.00,264.80,5.26
-262.40,0.00,264.80,5.16
-262.40,0.00,264.80,5.13
-262.40,0.00,264.80,5.11
-262.40,0.00,264.80,5.23
-262.40,0.00,264.80,5.17
-262.40,0.00,264.80,5.17
-262.40,0.00,264.80,5.27
-262.40,0.00,264.80,5.13
-262.40,0.00,264.40,5.10
-262.40,0.00,264.80,5.18
-262.40,0.00,264.80,5.15
-262.40,0.00,264.80,5.15
-262.00,0.00,264.40,5.24
-262.00,0.00,264.80,5.26
-262.40,0.00,264.40,5.18
-262.00,0.00,264.40,5.07
-262.00,0.00,264.40,5.14
-262.00,0.00,264.00,5.13
-262.00,0.00,264.40,5.15
-262.00,0.00,264.40,5.18
-262.00,0.00,264.40,5.20
-262.00,0.00,264.40,5.20
-262.00,0.00,264.40,5.24
-262.00,0.00,264.40,5.15
-262.00,0.00,264.40,5.24
-262.00,0.00,264.40,5.06
-261.60,0.00,264.40,5.14
-262.00,0.00,264.00,5.12
-262.00,0.00,264.40,5.20
-262.00,0.00,264.40,5.21
-261.60,0.00,264.00,5.22
-261.60,0.00,264.40,5.07
-261.60,0.00,264.00,5.17
-261.60,0.00,264.00,5.20
-261.60,0.00,264.00,5.27
-261.60,0.00,264.00,5.25
-261.60,0.00,264.00,5.07
-261.60,0.00,264.00,5.16
-261.60,0.00,264.00,5.21
-261.60,0.00,264.00,5.26
-261.60,0.00,263.60,5.23
-261.60,0.00,264.00,5.11
-261.60,0.00,264.00,5.21
-261.60,0.00,264.00,5.14
-261.60,0.00,264.00,5.28
-261.20,0.00,263.60,5.22
-261.20,0.00,263.60,5.11
-261.20,0.00,264.00,5.19
-261.20,0.00,263.60,5.25
-261.20,0.00,263.60,5.17
-261.20,0.00,263.60,5.09
-261.60,0.00,263.60,5.13
-261.20,0.00,263.60,5.05
-261.20,0.00,263.60,5.19
-261.20,0.00,262.80,5.09
-261.20,0.00,263.60,5.09
-261.20,0.00,263.60,5.15
-261.20,0.00,263.60,5.22
-261.20,0.00,263.60,5.27
-261.20,0.00,263.60,5.11
-261.20,0.00,263.20,5.25
-261.20,0.00,263.20,5.18
-261.20,0.00,263.60,5.22
-260.80,0.00,263.20,5.24
-260.80,0.00,263.60,5.21
-260.80,0.00,263.20,5.21
-260.80,0.00,263.20,5.12
-260.80,0.00,263.20,5.19
-260.80,0.00,262.80,5.19
-260.80,0.00,263.20,5.08
-260.80,0.00,263.20,5.11
-260.80,0.00,263.20,5.25
-260.80,0.00,263.20,5.25
-260.80,0.00,263.20,5.23
-260.80,0.00,262.80,5.11
-260.80,0.00,263.20,5.23
-260.80,0.00,263.20,5.25
-260.00,0.00,262.80,5.13
-260.80,0.00,262.80,5.14
-260.40,0.00,262.80,5.13
-260.40,0.00,262.80,5.07
-260.40,0.00,262.80,5.10
-260.40,0.00,262.80,5.23
-260.40,0.00,262.80,5.24
-260.40,0.00,262.80,5.09
-260.40,0.00,262.80,5.10
-260.40,0.00,262.80,5.25
-260.40,0.00,262.80,5.23
-260.40,0.00,262.80,5.08
-260.40,0.00,262.80,5.13
-260.40,0.00,262.80,5.28
-260.40,0.00,262.40,5.20
-260.40,0.00,262.40,5.28
-260.40,0.00,262.80,5.24
-260.40,0.00,262.40,5.27
-260.00,0.00,262.40,5.07
-259.60,0.00,262.40,5.12
-260.00,0.00,262.40,5.27
-260.00,0.00,262.40,5.18
-260.00,0.00,262.40,5.18
-260.00,0.00,262.40,5.25
-260.00,0.00,262.40,5.26
-260.00,0.00,262.40,5.07
-260.00,0.00,262.40,5.12
-260.00,0.00,262.40,5.11
-260.00,0.00,262.40,5.25
-260.00,0.00,262.40,5.17
-260.00,0.00,262.40,5.24
-260.00,0.00,262.40,5.11
-259.60,0.00,262.00,5.07
-260.00,0.00,262.00,5.08
-260.00,0.00,262.00,5.11
-259.60,0.00,262.00,5.05
-260.00,0.00,262.00,5.10
-259.60,0.00,262.00,5.25
-259.20,0.00,262.00,5.18
-259.60,0.00,262.00,5.11
-259.60,0.00,262.00,5.23
-259.60,0.00,262.00,5.24
-259.60,0.00,262.00,5.09
-259.60,0.00,262.00,5.08
-259.60,0.00,262.00,5.18
-259.60,0.00,262.00,5.21
-259.60,0.00,262.00,5.22
-259.60,0.00,261.60,5.24
-259.60,0.00,262.00,5.25
-259.60,0.00,262.00,5.21
-259.60,0.00,262.00,5.17
-259.60,0.00,261.60,5.16
-259.60,0.00,261.60,5.12
-259.20,0.00,261.60,5.16
-259.20,0.00,261.60,5.10
-259.20,0.00,261.60,5.07
-259.20,0.00,261.60,5.24
-258.80,0.00,261.60,5.15
-259.20,0.00,261.60,5.22
-259.20,0.00,261.60,5.08
-259.20,0.00,261.60,5.22
-259.20,0.00,261.60,5.26
-258.80,0.00,261.60,5.11
-259.20,0.00,261.60,5.13
-259.20,0.00,261.60,5.11
-259.20,0.00,261.20,5.25
-259.20,0.00,261.20,5.22
-259.20,0.00,261.20,5.26
-258.80,0.00,261.20,5.20
-258.80,0.00,261.20,5.17
-258.80,0.00,261.20,5.14
-258.80,0.00,261.20,5.12
-258.80,0.00,261.20,5.14
-258.80,0.00,261.20,5.15
-258.80,0.00,261.20,5.20
-258.80,0.00,261.20,5.16
-258.80,0.00,261.20,5.09
-258.80,0.00,261.20,5.25
-258.80,0.00,261.20,5.21
-258.80,0.00,261.20,5.26
-258.80,0.00,260.80,5.26
-258.40,0.00,260.80,5.21
-258.40,0.00,261.20,5.29
-258.40,0.00,261.20,5.17
-258.40,0.00,260.80,5.19
-258.40,0.00,260.80,5.18
-258.00,0.00,260.80,5.23
-258.40,0.00,260.80,5.16
-258.40,0.00,260.80,5.28
-258.40,0.00,260.80,5.08
-258.40,0.00,260.80,5.28
-258.40,0.00,260.80,5.23
-258.40,0.00,260.80,5.28
-258.40,0.00,260.80,5.13
-258.40,0.00,260.80,5.06
-258.00,0.00,260.40,5.15
-258.40,0.00,260.40,5.28
-258.40,0.00,260.80,5.08
-258.00,0.00,260.40,5.15
-258.00,0.00,260.40,5.23
-258.40,0.00,260.40,5.13
-258.00,0.00,260.40,5.16
-258.00,0.00,260.40,5.25
-258.00,0.00,260.40,5.22
-258.00,0.00,260.40,5.28
-258.00,0.00,260.40,5.10
-258.00,0.00,260.40,5.10
-258.00,0.00,260.40,5.10
-258.00,0.00,260.40,5.23
-258.00,0.00,260.40,5.11
-258.00,0.00,260.00,5.18
-258.00,0.00,260.40,5.24
-258.00,0.00,260.40,5.18
-257.60,0.00,260.00,5.14
-257.60,0.00,260.00,5.14
-258.00,0.00,260.40,5.14
-258.00,0.00,260.00,5.21
-257.60,0.00,260.00,5.08
-258.00,0.00,259.60,5.16
-257.60,0.00,260.00,5.22
-257.60,0.00,260.00,5.18
-257.60,0.00,260.00,5.26
-257.60,0.00,260.00,5.28
-257.60,0.00,260.00,5.26
-257.60,0.00,260.00,5.27
-257.60,0.00,260.00,5.18
-257.60,0.00,260.00,5.13
-257.60,0.00,260.00,5.27
-257.60,0.00,260.00,5.25
-257.60,0.00,260.00,5.18
-257.60,0.00,260.00,5.15
-257.20,0.00,260.00,5.09
-257.60,0.00,259.60,5.07
-257.60,0.00,259.60,5.18
-257.60,0.00,259.60,5.21
-257.20,0.00,259.60,5.22
-257.20,0.00,259.60,5.15
-257.20,0.00,259.60,5.25
-257.20,0.00,259.60,5.27
-257.20,0.00,259.60,5.09
-257.20,0.00,259.60,5.16
-256.80,0.00,259.60,5.15
-257.20,0.00,259.60,5.18
-257.20,0.00,259.60,5.27
-257.20,0.00,259.60,5.27
-257.20,0.00,259.20,5.27
-257.20,0.00,259.60,5.16
-257.20,0.00,259.20,5.20
-257.20,0.00,259.20,5.15
-256.80,0.00,259.60,5.12
-257.20,0.00,259.20,5.27
-257.20,0.00,259.60,5.25
-256.80,0.00,259.20,5.13
-256.80,0.00,259.20,5.18
-256.80,0.00,259.20,5.27
-256.80,0.00,259.20,5.20
-256.80,0.00,259.20,5.28
-256.80,0.00,259.20,5.13
-256.80,0.00,259.20,5.23
-256.80,0.00,259.20,5.26
-256.80,0.00,259.20,5.12
-256.80,0.00,259.20,5.23
-256.80,0.00,259.20,5.06
-256.80,0.00,258.80,5.20
-256.80,0.00,258.80,5.22
-256.80,0.00,258.80,5.07
-256.40,0.00,258.80,5.25
-256.40,0.00,258.80,5.25
-256.40,0.00,258.80,5.16
-256.00,0.00,258.80,5.16
-256.40,0.00,258.80,5.27
-256.40,0.00,258.80,5.26
-256.40,0.00,258.80,5.11
-256.40,0.00,258.80,5.17
-256.40,0.00,258.80,5.22
-256.00,0.00,258.80,5.27
-256.40,0.00,258.80,5.25
-256.00,0.00,258.40,5.13
-256.40,0.00,258.80,5.26
-256.40,0.00,258.40,5.16
-256.40,0.00,258.40,5.14
-256.40,0.00,258.40,5.11
-256.00,0.00,258.40,5.20
-256.00,0.00,258.40,5.07
-256.00,0.00,258.40,5.12
-256.00,0.00,258.40,5.22
-256.00,0.00,258.40,5.12
-256.00,0.00,258.40,5.13
-255.60,0.00,258.40,5.10
-256.00,0.00,258.40,5.16
-256.00,0.00,258.40,5.07
-256.00,0.00,258.40,5.27
-256.00,0.00,258.00,5.22
-256.00,0.00,258.00,5.22
-256.00,0.00,258.00,5.15
-256.00,0.00,258.40,5.20
-256.00,0.00,258.00,5.26
-255.60,0.00,258.00,5.17
-255.60,0.00,258.00,5.12
-255.60,0.00,258.00,5.11
-255.60,0.00,258.00,5.12
-255.60,0.00,258.00,5.07
-255.60,0.00,258.00,5.18
-255.60,0.00,258.00,5.24
-255.60,0.00,258.00,5.16
-255.60,0.00,258.00,5.26
-255.60,0.00,258.00,5.17
-255.60,0.00,257.60,5.21
-255.60,0.00,257.60,5.23
-255.60,0.00,257.60,5.15
-255.20,0.00,258.00,5.11
-255.60,0.00,257.60,5.05
-255.20,0.00,257.60,5.15
-255.20,0.00,258.00,5.26
-255.20,0.00,257.60,5.15
-255.20,0.00,257.60,5.12
-255.20,0.00,257.60,5.21
-255.20,0.00,257.60,5.18
-255.20,0.00,257.60,5.18
-255.20,0.00,257.60,5.13
-255.20,0.00,257.60,5.11
-255.20,0.00,257.60,5.09
-255.20,0.00,257.60,5.29
-255.20,0.00,257.20,5.14
-255.20,0.00,257.60,5.17
-255.20,0.00,257.20,5.15
-255.20,0.00,257.60,5.11
-254.80,0.00,257.20,5.10
-255.20,0.00,257.20,5.09
-254.80,0.00,257.20,5.11
-254.80,0.00,257.20,5.13
-254.40,0.00,257.20,5.11
-254.80,0.00,257.20,5.17
-254.80,0.00,257.20,5.27
-254.80,0.00,257.20,5.23
-254.80,0.00,257.20,5.17
-254.80,0.00,256.80,5.22
-254.80,0.00,257.20,5.10
-254.80,0.00,257.20,5.07
-254.80,0.00,257.20,5.27
-254.80,0.00,257.20,5.10
-254.80,0.00,256.40,5.11
-254.80,0.00,257.20,5.28
-254.40,0.00,257.20,5.22
-254.40,0.00,257.20,5.16
-254.40,0.00,256.80,5.26
-254.40,0.00,256.80,5.11
-254.40,0.00,256.80,5.09
-254.40,0.00,256.80,5.15
-254.40,0.00,256.80,5.09
-254.40,0.00,256.80,5.29
-254.40,0.00,256.80,5.21
-254.40,0.00,256.80,5.16
-254.40,0.00,256.80,5.18
-254.40,0.00,256.80,5.14
-254.40,0.00,256.80,5.25
-254.40,0.00,256.80,5.09
-254.40,0.00,256.80,5.13
-254.40,0.00,256.40,5.26
-254.00,0.00,256.40,5.10
-254.00,0.00,256.40,5.18
-254.00,0.00,256.40,5.25
-254.00,0.00,256.40,5.19
-254.00,0.00,256.40,5.09
-253.60,0.00,256.00,5.18
-254.00,0.00,256.40,5.20
-254.00,0.00,256.40,5.25
-253.60,0.00,256.40,5.24
-253.60,0.00,256.00,5.13
-253.60,0.00,256.00,5.28
-253.60,0.00,256.00,5.22
-253.60,0.00,256.00,5.21
-253.60,0.00,256.00,5.20
-253.60,0.00,256.00,5.18
-253.60,0.00,256.00,5.11
-253.60,0.00,256.00,5.19
-253.60,0.00,256.00,5.16
-253.60,0.00,256.00,5.05
-253.60,0.00,255.60,5.10
-253.60,0.00,255.60,5.25
-253.20,0.00,255.60,5.21
-253.20,0.00,255.60,5.16
-253.60,0.00,255.60,5.14
-253.20,0.00,255.60,5.15
-253.20,0.00,255.60,5.16
-253.20,0.00,255.60,5.29
-253.20,0.00,255.60,5.20
-252.80,0.00,255.60,5.29
-253.20,0.00,255.60,5.07
-252.80,0.00,255.20,5.11
-253.20,0.00,255.60,5.24
-253.20,0.00,255.20,5.28
-253.20,0.00,255.20,5.14
-253.20,0.00,255.20,5.09
-253.20,0.00,255.20,5.23
-252.80,0.00,255.20,5.21
-252.80,0.00,255.20,5.08
-252.80,0.00,255.20,5.24
-252.80,0.00,255.20,5.28
-252.80,0.00,255.20,5.26
-252.80,0.00,255.20,5.19
-252.80,0.00,255.20,5.15
-252.80,0.00,255.20,5.24
-252.80,0.00,255.20,5.08
-252.80,0.00,255.20,5.21
-252.80,0.00,255.20,5.28
-252.80,0.00,255.20,5.19
-252.80,0.00,255.20,5.12
-252.80,0.00,254.80,5.22
-252.40,0.00,254.80,5.19
-252.40,0.00,254.80,5.13
-252.80,0.00,254.80,5.22
-252.40,0.00,254.80,5.25
-252.40,0.00,254.80,5.17
-252.40,0.00,254.80,5.17
-252.40,0.00,254.80,5.15
-252.40,0.00,254.80,5.24
-252.40,0.00,254.80,5.10
-252.40,0.00,254.80,5.16
-252.40,0.00,254.80,5.25
-252.40,0.00,254.40,5.21
-252.40,0.00,254.40,5.18
-252.40,0.00,254.40,5.28
-252.00,0.00,254.40,5.19
-252.00,0.00,254.40,5.13
-252.00,0.00,254.40,5.20
-252.00,0.00,254.40,5.17
-252.00,0.00,254.40,5.15
-252.00,0.00,254.40,5.21
-252.00,0.00,254.40,5.20
-252.00,0.00,254.40,5.28
-252.00,0.00,254.40,5.23
-252.00,0.00,254.40,5.09
-252.00,0.00,254.40,5.22
-252.00,0.00,254.00,5.15
-252.00,0.00,254.00,5.09
-251.60,0.00,254.00,5.26
-252.00,0.00,254.00,5.19
-251.60,0.00,254.00,5.18
-251.60,0.00,254.00,5.09
-251.60,0.00,254.00,5.25
-251.60,0.00,254.00,5.11
-251.60,0.00,254.00,5.14
-251.60,0.00,253.60,5.29
-251.60,0.00,254.00,5.22
-251.60,0.00,254.00,5.15
-251.60,0.00,254.00,5.15
-251.60,0.00,253.60,5.18
-251.60,0.00,253.20,5.15
-251.60,0.00,253.60,5.07
-251.60,0.00,253.60,5.10
-251.60,0.00,254.00,5.09
-251.20,0.00,253.60,5.10
-251.60,0.00,253.60,5.16
-251.20,0.00,253.60,5.17
-251.20,0.00,253.60,5.18
-251.20,0.00,253.60,5.07
-251.20,0.00,253.60,5.29
-251.20,0.00,253.60,5.27
-251.20,0.00,253.60,5.28
-251.20,0.00,253.60,5.29
-251.20,0.00,253.60,5.19
-250.80,0.00,253.60,5.22
-251.20,0.00,253.20,5.27
-251.20,0.00,253.60,5.30
-251.20,0.00,253.60,5.21
-251.20,0.00,253.20,5.28
-250.80,0.00,253.20,5.24
-250.80,0.00,253.20,5.16
-250.80,0.00,253.20,5.09
-250.80,0.00,253.20,5.13
-250.80,0.00,253.20,5.22
-250.80,0.00,253.20,5.27
-250.80,0.00,253.20,5.07
-250.80,0.00,253.20,5.26
-250.80,0.00,253.20,5.28
-250.80,0.00,253.20,5.26
-250.80,0.00,253.20,5.16
-250.80,0.00,253.20,5.09
-250.80,0.00,253.20,5.17
-250.80,0.00,252.80,5.17
-250.40,0.00,253.20,5.17
-250.80,0.00,252.80,5.09
-250.80,0.00,253.20,5.27
-250.80,0.00,252.80,5.19
-250.40,0.00,252.80,5.06
-250.40,0.00,252.80,5.26
-250.40,0.00,252.80,5.28
-250.40,0.00,252.80,5.20
-250.40,0.00,252.80,5.22
-250.40,0.00,252.40,5.15
-250.40,0.00,252.40,5.15
-250.40,0.00,252.80,5.21
-250.40,0.00,252.80,5.21
-250.40,0.00,252.80,5.08
-250.40,0.00,252.40,5.25
-250.40,0.00,252.80,5.12
-250.40,0.00,252.40,5.17
-250.00,0.00,252.40,5.20
-250.00,0.00,252.40,5.10
-250.00,0.00,252.40,5.23
-250.00,0.00,252.40,5.24
-250.00,0.00,252.40,5.17
-250.00,0.00,252.40,5.29
-250.00,0.00,252.40,5.14
-250.00,0.00,252.40,5.23
-250.00,0.00,252.40,5.26
-250.00,0.00,252.40,5.12
-250.00,0.00,252.40,5.13
-250.00,0.00,252.40,5.20
-250.00,0.00,252.40,5.18
-250.00,0.00,252.40,5.12
-250.00,0.00,252.00,5.12
-250.00,0.00,252.00,5.25
-250.00,0.00,252.00,5.16
-250.00,0.00,252.00,5.26
-249.60,0.00,252.00,5.22
-249.60,0.00,252.00,5.20
-249.60,0.00,252.00,5.13
-249.60,0.00,252.00,5.29
-249.60,0.00,252.00,5.11
-249.60,0.00,252.00,5.16
-249.60,0.00,252.00,5.21
-249.60,0.00,252.00,5.20
-249.20,0.00,252.00,5.29
-249.60,0.00,252.00,5.24
-249.60,0.00,252.00,5.26
-249.20,0.00,251.60,5.10
-249.60,0.00,251.60,5.10
-249.20,0.00,251.60,5.14
-249.60,0.00,251.60,5.23
-249.20,0.00,251.60,5.21
-249.60,0.00,251.60,5.28
-248.80,0.00,251.60,5.30
-249.20,0.00,251.60,5.26
-249.20,0.00,251.60,5.19
-249.20,0.00,251.60,5.13
-249.20,0.00,251.60,5.14
-249.20,0.00,251.60,5.13
-249.20,0.00,251.60,5.13
-249.20,0.00,251.20,5.22
-249.20,0.00,251.60,5.12
-249.20,0.00,251.60,5.17
-249.20,0.00,251.20,5.11
-249.20,0.00,251.20,5.09
-248.80,0.00,251.20,5.19
-248.80,0.00,251.20,5.30
-249.20,0.00,250.80,5.05
-248.80,0.00,251.20,5.24
-248.80,0.00,251.20,5.13
-248.80,0.00,251.20,5.08
-248.80,0.00,250.80,5.25
-248.80,0.00,251.20,5.20
-248.80,0.00,251.20,5.11
-248.80,0.00,251.20,5.15
-248.80,0.00,250.80,5.14
-248.40,0.00,250.80,5.26
-248.80,0.00,251.20,5.19
-248.80,0.00,251.20,5.13
-248.80,0.00,250.80,5.28
-248.80,0.00,250.80,5.21
-248.40,0.00,250.80,5.21
-248.80,0.00,250.80,5.24
-248.40,0.00,250.80,5.13
-248.40,0.00,250.80,5.24
-248.40,0.00,250.80,5.22
-248.40,0.00,250.80,5.11
-248.40,0.00,250.80,5.09
-248.40,0.00,250.80,5.15
-248.40,0.00,250.80,5.19
-248.00,0.00,250.40,5.23
-248.40,0.00,250.40,5.13
-248.40,0.00,250.80,5.11
-248.40,0.00,250.80,5.21
-248.40,0.00,250.40,5.18
-248.40,0.00,250.40,5.12
-248.00,0.00,250.40,5.30
-248.00,0.00,250.40,5.15
-248.40,0.00,250.40,5.12
-248.00,0.00,250.40,5.09
-248.00,0.00,250.40,5.27
-248.00,0.00,250.40,5.22
-248.00,0.00,250.40,5.28
-248.00,0.00,250.40,5.25
-248.00,0.00,250.00,5.25
-248.00,0.00,250.40,5.06
-248.00,0.00,250.40,5.28
-248.00,0.00,250.40,5.07
-248.00,0.00,250.40,5.18
-248.00,0.00,250.40,5.27
-248.00,0.00,250.00,5.27
-248.00,0.00,250.00,5.27
-247.60,0.00,250.00,5.17
-247.60,0.00,250.00,5.16
-248.00,0.00,250.00,5.21
-247.60,0.00,250.00,5.18
-247.60,0.00,250.00,5.19
-247.60,0.00,250.00,5.13
-247.20,0.00,250.00,5.26
-247.60,0.00,250.00,5.26
-247.60,0.00,249.60,5.03
-247.60,0.00,250.00,5.12
-247.60,0.00,249.60,5.10
-247.60,0.00,250.00,5.17
-247.60,0.00,249.60,5.19
-247.60,0.00,250.00,5.08
-247.60,0.00,249.60,5.20
-247.20,0.00,249.60,5.11
-247.20,0.00,249.60,5.27
-247.20,0.00,249.60,5.09
-247.20,0.00,249.60,5.10
-247.60,0.00,249.60,5.28
-247.20,0.00,249.60,5.11
-247.20,0.00,249.60,5.28
-247.20,0.00,249.60,5.24
-247.20,0.00,249.60,5.14
-247.20,0.00,249.20,5.20
-247.20,0.00,248.80,5.24
-247.20,0.00,249.20,5.19
-247.20,0.00,249.20,5.32
-247.20,0.00,249.20,5.28
-247.20,0.00,249.20,5.18
-246.80,0.00,249.20,5.19
-246.80,0.00,249.20,5.14
-246.80,0.00,249.20,5.13
-246.80,0.00,249.20,5.25
-246.80,0.00,249.20,5.11
-246.80,0.00,249.20,5.28
-246.80,0.00,249.20,5.27
-246.80,0.00,249.20,5.29
-246.80,0.00,249.20,5.24
-246.80,0.00,248.80,5.26
-246.80,0.00,248.80,5.18
-246.80,0.00,249.20,5.29
-246.80,0.00,248.80,5.28
-246.80,0.00,248.80,5.05
-246.80,0.00,248.40,5.05
-246.80,0.00,248.80,5.17
-246.80,0.00,248.80,5.28
-246.80,0.00,248.80,5.17
-246.40,0.00,248.80,5.15
-246.40,0.00,248.80,5.25
-246.40,0.00,248.80,5.25
-246.40,0.00,248.80,5.28
-246.40,0.00,248.80,5.22
-246.40,0.00,248.80,5.23
-246.40,0.00,248.80,5.25
-246.40,0.00,248.80,5.15
-246.40,0.00,248.80,5.22
-246.40,0.00,248.80,5.17
-246.40,0.00,248.40,5.07
-246.40,0.00,248.40,5.27
-246.40,0.00,248.40,5.28
-246.40,0.00,248.40,5.22
-246.00,0.00,248.40,5.25
-246.00,0.00,248.00,5.26
-246.00,0.00,248.40,5.18
-246.00,0.00,248.40,5.19
-246.00,0.00,248.40,5.19
-246.00,0.00,248.40,5.13
-246.00,0.00,248.00,5.29
-246.00,0.00,248.00,5.22
-246.00,0.00,248.00,5.21
-246.00,0.00,248.00,5.22
-246.00,0.00,248.00,5.23
-246.00,0.00,248.00,5.25
-246.00,0.00,248.00,5.27
-246.00,0.00,248.00,5.17
-245.60,0.00,248.00,5.13
-245.60,0.00,248.00,5.27
-245.60,0.00,248.00,5.12
-245.60,0.00,248.00,5.28
-245.60,0.00,248.00,5.06
-245.60,0.00,248.00,5.17
-245.60,0.00,248.00,5.25
-245.60,0.00,248.00,5.27
-245.60,0.00,248.00,5.18
-245.60,0.00,247.60,5.20
-245.60,0.00,247.60,5.24
-245.20,0.00,247.60,5.11
-245.60,0.00,247.60,5.23
-245.60,0.00,247.60,5.26
-245.60,0.00,247.60,5.19
-245.20,0.00,247.60,5.29
-245.20,0.00,247.60,5.09
-245.20,0.00,247.60,5.17
-245.20,0.00,247.60,5.09
-245.20,0.00,247.60,5.16
-245.20,0.00,247.60,5.13
-245.20,0.00,247.60,5.25
-245.20,0.00,247.60,5.28
-245.20,0.00,247.20,5.28
-245.20,0.00,247.60,5.15
-245.20,0.00,247.20,5.13
-245.20,0.00,247.20,5.19
-245.20,0.00,247.20,5.28
-245.20,0.00,247.20,5.20
-244.80,0.00,247.20,5.11
-245.20,0.00,247.20,5.19
-244.80,0.00,247.20,5.05
-244.80,0.00,247.20,5.19
-244.80,0.00,247.20,5.17
-244.80,0.00,246.80,5.13
-244.80,0.00,247.20,5.24
-244.80,0.00,247.20,5.23
-244.80,0.00,247.20,5.13
-244.80,0.00,247.20,5.30
-244.80,0.00,247.20,5.09
-244.80,0.00,247.20,5.22
-244.80,0.00,247.20,5.12
-244.80,0.00,247.20,5.30
-244.80,0.00,246.80,5.08
-244.80,0.00,246.80,5.28
-244.80,0.00,246.80,5.19
-244.80,0.00,246.80,5.29
-244.80,0.00,246.80,5.17
-244.80,0.00,246.80,5.11
-244.40,0.00,246.80,5.24
-244.40,0.00,246.80,5.16
-244.40,0.00,246.80,5.20
-244.40,0.00,246.80,5.19
-244.40,0.00,246.80,5.14
-244.40,0.00,246.40,5.22
-244.40,0.00,246.40,5.07
-244.40,0.00,246.40,5.26
-244.40,0.00,246.00,5.18
-244.40,0.00,246.40,5.18
-244.40,0.00,246.40,5.28
-244.40,0.00,246.40,5.24
-244.00,0.00,246.40,5.23
-244.40,0.00,246.40,5.07
-244.40,0.00,246.40,5.26
-244.00,0.00,246.40,5.24
-244.00,0.00,246.40,5.07
-244.00,0.00,246.40,5.12
-244.00,0.00,246.40,5.11
-244.00,0.00,246.40,5.18
-244.00,0.00,246.40,5.23
-244.00,0.00,246.00,5.09
-244.00,0.00,246.40,5.26
-244.00,0.00,246.00,5.13
-244.00,0.00,246.40,5.11
-244.00,0.00,246.00,5.29
-244.00,0.00,246.00,5.28
-244.00,0.00,246.00,5.22
-244.00,0.00,246.00,5.12
-244.00,0.00,246.00,5.29
-243.60,0.00,246.00,5.24
-243.60,0.00,246.00,5.17
-243.60,0.00,246.00,5.15
-243.60,0.00,246.00,5.21
-243.60,0.00,246.00,5.19
-243.60,0.00,245.60,5.21
-243.60,0.00,245.20,5.12
-243.60,0.00,246.00,5.22
-243.60,0.00,245.60,5.07
-243.60,0.00,245.60,5.05
-243.60,0.00,245.60,5.19
-243.60,0.00,245.60,5.17
-243.60,0.00,245.60,5.19
-243.20,0.00,245.60,5.26
-243.60,0.00,246.00,5.17
-243.20,0.00,245.60,5.29
-243.20,0.00,245.60,5.06
-243.20,0.00,245.60,5.09
-243.20,0.00,245.60,5.24
-243.20,0.00,245.60,5.23
-243.20,0.00,244.80,5.10
-243.20,0.00,245.60,5.27
-243.20,0.00,245.60,5.22
-243.20,0.00,245.20,5.28
-243.20,0.00,245.20,5.19
-243.20,0.00,245.20,5.23
-243.20,0.00,245.20,5.23
-242.80,0.00,245.20,5.22
-243.20,0.00,245.20,5.23
-243.20,0.00,245.20,5.28
-242.80,0.00,245.20,5.11
-242.80,0.00,245.20,5.20
-242.80,0.00,245.20,5.28
-242.80,0.00,245.20,5.11
-242.40,0.00,245.20,5.24
-242.80,0.00,245.20,5.20
-242.80,0.00,244.80,5.29
-242.80,0.00,244.80,5.21
-242.80,0.00,244.80,5.27
-242.80,0.00,244.40,5.13
-242.80,0.00,244.80,5.27
-242.80,0.00,244.80,5.28
-242.80,0.00,244.80,5.11
-242.80,0.00,244.80,5.28
-242.40,0.00,244.80,5.27
-242.80,0.00,244.80,5.08
-242.80,0.00,244.80,5.24
-242.40,0.00,244.80,5.12
-242.40,0.00,244.80,5.26
-242.40,0.00,244.80,5.13
-242.40,0.00,244.80,5.06
-242.40,0.00,244.80,5.14
-242.40,0.00,244.40,5.22
-242.00,0.00,244.80,5.24
-242.40,0.00,244.40,5.17
-242.40,0.00,244.80,5.23
-242.40,0.00,244.40,5.17
-242.40,0.00,244.80,5.08
-242.00,0.00,244.00,5.27
-242.40,0.00,244.40,5.23
-242.40,0.00,244.40,5.27
-242.40,0.00,244.40,5.19
-242.40,0.00,244.40,5.25
-242.00,0.00,244.40,5.16
-242.00,0.00,244.40,5.23
-242.00,0.00,244.40,5.25
-242.00,0.00,244.40,5.04
-242.00,0.00,244.40,5.28
-242.00,0.00,244.40,5.20
-242.00,0.00,244.40,5.25
-242.00,0.00,244.40,5.09
-242.00,0.00,244.00,5.16
-242.00,0.00,244.00,5.20
-242.00,0.00,244.00,5.23
-242.00,0.00,244.00,5.06
-242.00,0.00,244.00,5.22
-242.00,0.00,244.00,5.29
-242.00,0.00,244.00,5.22
-242.00,0.00,244.00,5.24
-241.60,0.00,244.00,5.08
-241.60,0.00,244.00,5.28
-241.60,0.00,243.60,5.12
-241.20,0.00,244.00,5.14
-241.60,0.00,244.00,5.17
-241.60,0.00,244.00,5.09
-241.60,0.00,243.60,5.28
-241.60,0.00,243.60,5.27
-241.60,0.00,243.20,5.08
-241.60,0.00,243.60,5.19
-241.60,0.00,243.60,5.07
-241.60,0.00,243.60,5.09
-241.20,0.00,243.60,5.13
-241.20,0.00,243.20,5.21
-241.60,0.00,243.60,5.18
-241.60,0.00,243.60,5.21
-241.20,0.00,243.60,5.10
-241.20,0.00,243.60,5.29
-241.20,0.00,243.60,5.16
-241.20,0.00,243.60,5.10
-241.20,0.00,243.20,5.27
-241.20,0.00,243.60,5.18
-241.20,0.00,243.20,5.26
-241.20,0.00,243.20,5.08
-241.20,0.00,243.20,5.09
-241.20,0.00,243.20,5.20
-241.20,0.00,243.20,5.19
-241.20,0.00,243.20,5.11
-240.80,0.00,243.20,5.27
-241.20,0.00,243.20,5.22
-240.80,0.00,243.20,5.26
-240.40,0.00,243.20,5.24
-241.20,0.00,243.20,5.08
-240.80,0.00,243.20,5.24
-240.80,0.00,243.20,5.17
-240.80,0.00,243.20,5.27
-240.80,0.00,242.80,5.19
-240.80,0.00,243.20,5.29
-240.80,0.00,242.80,5.20
-240.80,0.00,243.20,5.29
-240.80,0.00,242.80,5.21
-240.80,0.00,242.80,5.27
-240.80,0.00,242.80,5.21
-240.80,0.00,242.80,5.22
-240.40,0.00,242.80,5.20
-240.80,0.00,242.40,5.18
-240.40,0.00,242.80,5.25
-240.80,0.00,242.80,5.28
-240.40,0.00,242.40,5.29
-240.40,0.00,242.80,5.15
-240.40,0.00,242.80,5.15
-240.40,0.00,242.80,5.11
-240.40,0.00,242.80,5.11
-240.40,0.00,242.40,5.26
-240.40,0.00,242.00,5.22
-240.40,0.00,242.40,5.19
-240.40,0.00,242.40,5.10
-240.40,0.00,242.40,5.27
-240.40,0.00,242.40,5.12
-240.40,0.00,242.40,5.07
-240.40,0.00,242.40,5.20
-240.40,0.00,242.40,5.14
-240.40,0.00,242.40,5.16
-240.00,0.00,242.40,5.27
-240.40,0.00,242.40,5.30
-240.00,0.00,242.40,5.24
-240.00,0.00,242.40,5.15
-240.00,0.00,242.40,5.09
-240.00,0.00,241.60,5.16
-240.00,0.00,242.40,5.30
-240.00,0.00,242.40,5.12
-240.00,0.00,242.00,5.12
-240.00,0.00,242.40,5.29
-240.00,0.00,242.00,5.21
-240.00,0.00,242.00,5.18
-240.00,0.00,242.00,5.26
-240.00,0.00,242.00,5.29
-240.00,0.00,242.00,5.11
-240.00,0.00,242.00,5.13
-240.00,0.00,242.00,5.17
-240.00,0.00,242.00,5.13
-239.60,0.00,242.00,5.12
-240.00,0.00,241.60,5.17
-239.60,0.00,242.00,5.26
-239.60,0.00,242.00,5.24
-239.60,0.00,242.00,5.23
-239.60,0.00,242.00,5.27
-239.60,0.00,241.60,5.08
-239.60,0.00,241.60,5.24
-239.60,0.00,241.60,5.11
-239.60,0.00,241.60,5.18
-239.20,0.00,241.60,5.29
-239.60,0.00,241.60,5.28
-239.60,0.00,241.60,5.28
-239.60,0.00,241.60,5.15
-239.20,0.00,241.60,5.14
-239.60,0.00,241.60,5.28
-239.20,0.00,241.60,5.30
-239.20,0.00,241.60,5.06
-239.20,0.00,241.60,5.26
-239.60,0.00,241.60,5.24
-239.20,0.00,241.20,5.22
-239.20,0.00,241.20,5.18
-239.20,0.00,241.20,5.28
-239.20,0.00,241.20,5.11
-239.20,0.00,241.20,5.27
-239.20,0.00,241.20,5.19
-239.20,0.00,241.20,5.22
-239.20,0.00,241.20,5.14
-238.80,0.00,241.20,5.13
-238.80,0.00,241.20,5.27
-238.80,0.00,241.20,5.20
-238.80,0.00,241.20,5.19
-238.80,0.00,241.20,5.26
-238.80,0.00,241.20,5.24
-238.40,0.00,240.80,5.13
-238.80,0.00,241.20,5.20
-238.80,0.00,240.80,5.20
-238.80,0.00,240.80,5.17
-238.80,0.00,240.80,5.11
-238.80,0.00,240.80,5.17
-238.80,0.00,240.80,5.28
-238.80,0.00,240.80,5.17
-238.80,0.00,240.80,5.13
-238.40,0.00,240.80,5.20
-238.40,0.00,240.80,5.15
-238.40,0.00,240.80,5.26
-238.40,0.00,240.80,5.20
-238.40,0.00,240.80,5.13
-238.40,0.00,240.80,5.17
-238.40,0.00,240.80,5.14
-238.40,0.00,240.80,5.13
-238.40,0.00,240.40,5.11
-238.40,0.00,240.40,5.15
-238.40,0.00,240.40,5.10
-238.40,0.00,240.80,5.27
-238.40,0.00,240.40,5.11
-238.40,0.00,240.40,5.27
-238.40,0.00,240.40,5.13
-238.40,0.00,240.40,5.12
-238.40,0.00,240.40,5.20
-238.00,0.00,240.40,5.17
-238.00,0.00,240.40,5.26
-238.00,0.00,240.40,5.16
-238.00,0.00,240.00,5.22
-238.00,0.00,240.40,5.25
-238.00,0.00,240.40,5.21
-238.00,0.00,240.00,5.29
-238.00,0.00,240.00,5.24
-238.00,0.00,240.00,5.30
-238.00,0.00,240.00,5.23
-238.00,0.00,240.00,5.29
-238.00,0.00,240.00,5.22
-237.60,0.00,240.00,5.22
-238.00,0.00,240.00,5.16
-238.00,0.00,240.00,5.22
-237.60,0.00,240.00,5.15
-237.60,0.00,240.00,5.11
-237.60,0.00,239.60,5.07
-237.60,0.00,240.00,5.13
-237.60,0.00,240.00,5.15
-237.60,0.00,239.60,5.28
-237.60,0.00,239.60,5.23
-237.60,0.00,239.60,5.14
-237.60,0.00,239.60,5.13
-237.60,0.00,239.60,5.25
-237.60,0.00,239.60,5.28
-237.60,0.00,239.60,5.15
-237.60,0.00,239.60,5.09
-237.60,0.00,239.60,5.10
-237.20,0.00,239.60,5.15
-237.60,0.00,239.60,5.09
-237.20,0.00,239.60,5.29
-237.60,0.00,239.60,5.21
-237.60,0.00,239.60,5.24
-237.20,0.00,239.60,5.24
-237.20,0.00,239.20,5.26
-237.20,0.00,239.20,5.26
-237.20,0.00,239.60,5.10
-237.20,0.00,239.60,5.05
-237.20,0.00,239.60,5.13
-237.20,0.00,239.20,5.19
-237.20,0.00,239.60,5.11
-237.20,0.00,239.20,5.25
-237.20,0.00,239.20,5.25
-237.20,0.00,239.20,5.21
-237.20,0.00,239.20,5.27
-237.20,0.00,239.20,5.16
-236.80,0.00,239.20,5.29
-236.80,0.00,239.20,5.22
-237.20,0.00,239.20,5.21
-236.80,0.00,239.20,5.17
-236.80,0.00,239.20,5.28
-236.80,0.00,239.20,5.19
-236.80,0.00,239.20,5.14
-236.80,0.00,239.20,5.14
-236.80,0.00,238.80,5.09
-236.80,0.00,238.80,5.29
-236.80,0.00,238.80,5.13
-236.80,0.00,238.80,5.14
-236.80,0.00,238.40,5.27
-236.80,0.00,238.80,5.26
-236.80,0.00,238.80,5.09
-236.80,0.00,238.80,5.13
-236.40,0.00,238.80,5.25
-236.80,0.00,238.80,5.22
-236.80,0.00,238.80,5.16
-236.40,0.00,238.80,5.29
-236.40,0.00,238.80,5.07
-236.40,0.00,238.80,5.14
-236.40,0.00,238.80,5.17
-236.40,0.00,238.80,5.13
-236.40,0.00,238.40,5.25
-236.40,0.00,238.40,5.23
-236.40,0.00,238.00,5.24
-236.40,0.00,238.80,5.17
-236.40,0.00,238.40,5.19
-236.40,0.00,238.40,5.22
-236.40,0.00,238.40,5.11
-236.40,0.00,238.40,5.23
-236.40,0.00,238.40,5.06
-236.40,0.00,238.40,5.18
-236.40,0.00,238.40,5.07
-236.00,0.00,238.40,5.11
-236.00,0.00,238.40,5.18
-236.00,0.00,238.40,5.27
-236.00,0.00,238.40,5.27
-236.40,0.00,238.40,5.26
-236.00,0.00,238.40,5.15
-236.00,0.00,238.40,5.12
-236.00,0.00,238.40,5.25
-236.00,0.00,238.00,5.27
-236.00,0.00,238.00,5.19
-236.00,0.00,238.00,5.13
-236.00,0.00,238.00,5.15
-236.00,0.00,238.00,5.27
-236.00,0.00,238.00,5.09
-235.60,0.00,238.00,5.11
-236.00,0.00,238.00,5.07
-235.60,0.00,238.00,5.19
-235.60,0.00,238.00,5.08
-235.60,0.00,237.60,5.18
-235.60,0.00,237.60,5.20
-235.60,0.00,237.60,5.14
-235.60,0.00,237.60,5.08
-235.60,0.00,238.00,5.11
-235.60,0.00,237.60,5.24
-235.60,0.00,237.60,5.13
-235.60,0.00,237.60,5.15
-235.60,0.00,237.60,5.23
-235.60,0.00,237.60,5.11
-235.20,0.00,237.60,5.12
-235.60,0.00,237.60,5.20
-235.60,0.00,237.60,5.17
-235.20,0.00,237.60,5.26
-235.60,0.00,237.60,5.25
-235.20,0.00,237.60,5.27
-235.20,0.00,237.60,5.24
-235.60,0.00,237.60,5.26
-235.20,0.00,237.20,5.24
-235.20,0.00,237.60,5.09
-235.20,0.00,237.20,5.26
-235.20,0.00,237.20,5.09
-235.20,0.00,237.60,5.12
-235.20,0.00,237.20,5.19
-235.20,0.00,237.20,5.20
-235.20,0.00,237.20,5.21
-235.20,0.00,237.20,5.17
-234.80,0.00,237.20,5.16
-235.20,0.00,237.20,5.21
-234.80,0.00,236.40,5.15
-234.80,0.00,237.20,5.14
-235.20,0.00,237.20,5.28
-235.20,0.00,237.20,5.21
-234.80,0.00,237.20,5.11
-234.80,0.00,237.20,5.16
-234.80,0.00,236.80,5.09
-234.80,0.00,236.80,5.15
-234.80,0.00,236.80,5.26
-234.40,0.00,236.80,5.24
-234.80,0.00,236.80,5.27
-234.80,0.00,236.80,5.07
-234.80,0.00,236.80,5.27
-234.40,0.00,236.80,5.25
-234.40,0.00,236.40,5.29
-234.80,0.00,236.80,5.15
-234.80,0.00,236.80,5.26
-234.40,0.00,236.80,5.21
-234.40,0.00,236.40,5.09
-234.80,0.00,236.80,5.25
-234.40,0.00,236.80,5.24
-234.40,0.00,236.80,5.16
-234.40,0.00,236.40,5.28
-234.40,0.00,236.80,5.30
-234.40,0.00,236.40,5.07
-234.40,0.00,236.80,5.25
-234.40,0.00,236.40,5.15
-234.40,0.00,236.40,5.22
-234.40,0.00,236.40,5.07
-234.40,0.00,236.40,5.07
-234.40,0.00,236.40,5.18
-234.40,0.00,236.40,5.22
-234.00,0.00,236.40,5.09
-234.00,0.00,236.40,5.09
-234.00,0.00,236.40,5.23
-234.00,0.00,236.40,5.11
-234.00,0.00,236.40,5.30
-234.00,0.00,236.40,5.18
-234.00,0.00,236.00,5.16
-234.00,0.00,236.40,5.13
-234.00,0.00,236.00,5.11
-234.00,0.00,236.00,5.08
-234.00,0.00,236.00,5.14
-234.00,0.00,236.00,5.12
-234.00,0.00,236.00,5.19
-234.00,0.00,236.00,5.15
-234.00,0.00,236.00,5.20
-234.00,0.00,236.00,5.24
-234.00,0.00,236.00,5.29
-234.00,0.00,236.00,5.19
-233.60,0.00,236.00,5.30
-233.60,0.00,235.60,5.21
-233.60,0.00,236.00,5.17
-233.60,0.00,236.00,5.26
-233.60,0.00,235.60,5.11
-233.60,0.00,235.60,5.16
-233.60,0.00,235.60,5.21
-233.20,0.00,235.60,5.14
-233.60,0.00,235.60,5.31
-233.60,0.00,235.60,5.26
-233.60,0.00,235.60,5.18
-233.60,0.00,235.60,5.27
-233.60,0.00,235.20,5.19
-233.20,0.00,235.60,5.21
-233.20,0.00,235.60,5.13
-233.20,0.00,235.60,5.18
-233.20,0.00,235.20,5.16
-233.20,0.00,235.20,5.27
-233.20,0.00,235.60,5.16
-233.20,0.00,235.20,5.25
-233.20,0.00,235.60,5.08
-233.20,0.00,235.20,5.28
-233.20,0.00,235.20,5.23
-233.20,0.00,235.20,5.20
-233.20,0.00,235.20,5.16
-233.20,0.00,235.20,5.27
-233.20,0.00,235.20,5.20
-233.20,0.00,235.20,5.19
-233.20,0.00,235.20,5.23
-232.80,0.00,235.20,5.23
-232.80,0.00,235.20,5.12
-232.80,0.00,235.20,5.11
-232.80,0.00,235.20,5.11
-233.20,0.00,235.20,5.21
-232.80,0.00,235.20,5.27
-232.80,0.00,235.20,5.24
-232.80,0.00,234.80,5.13
-232.80,0.00,234.80,5.15
-232.80,0.00,234.80,5.19
-232.80,0.00,234.80,5.11
-232.80,0.00,235.20,5.24
-232.80,0.00,234.80,5.15
-232.80,0.00,234.80,5.11
-232.80,0.00,234.80,5.28
-232.80,0.00,234.80,5.22
-232.80,0.00,234.80,5.19
-232.80,0.00,234.80,5.16
-232.80,0.00,234.80,5.28
-232.80,0.00,234.80,5.18
-232.40,0.00,234.40,5.21
-232.40,0.00,234.80,5.11
-232.40,0.00,234.80,5.28
-232.40,0.00,234.80,5.31
-232.40,0.00,234.40,5.10
-232.40,0.00,234.80,5.15
-232.40,0.00,234.40,5.13
-232.40,0.00,234.40,5.16
-232.40,0.00,234.40,5.19
-232.00,0.00,234.40,5.24
-232.40,0.00,234.40,5.13
-232.40,0.00,234.40,5.18
-232.40,0.00,234.40,5.22
-232.00,0.00,234.40,5.09
-232.40,0.00,234.40,5.23
-232.40,0.00,234.40,5.30
-232.00,0.00,234.40,5.28
-232.00,0.00,234.40,5.19
-232.00,0.00,234.40,5.22
-232.00,0.00,234.00,5.18
-232.00,0.00,234.00,5.25
-232.00,0.00,234.40,5.13
-232.00,0.00,234.40,5.21
-232.00,0.00,234.00,5.15
-232.00,0.00,234.00,5.07
-232.00,0.00,234.00,5.15
-232.00,0.00,234.00,5.10
-232.00,0.00,234.00,5.28
-231.60,0.00,234.00,5.21
-231.60,0.00,234.00,5.18
-231.60,0.00,234.00,5.15
-232.00,0.00,233.60,5.28
-231.60,0.00,233.60,5.16
-231.60,0.00,233.60,5.21
-231.60,0.00,233.60,5.28
-231.60,0.00,233.60,5.25
-231.60,0.00,233.60,5.13
-230.80,0.00,233.60,5.18
-231.60,0.00,233.60,5.16
-231.60,0.00,233.60,5.07
-231.60,0.00,233.60,5.23
-231.20,0.00,233.60,5.26
-231.20,0.00,233.60,5.25
-231.20,0.00,233.60,5.26
-231.60,0.00,233.60,5.25
-231.20,0.00,233.20,5.27
-231.20,0.00,233.60,5.31
-231.20,0.00,233.20,5.15
-231.20,0.00,233.20,5.24
-231.20,0.00,233.60,5.26
-231.20,0.00,233.20,5.27
-231.20,0.00,233.20,5.18
-231.20,0.00,233.20,5.20
-231.20,0.00,233.20,5.10
-231.20,0.00,233.20,5.26
-231.20,0.00,233.20,5.27
-231.20,0.00,232.80,5.30
-231.20,0.00,233.20,5.19
-230.80,0.00,233.20,5.15
-230.80,0.00,233.20,5.09
-230.80,0.00,233.20,5.26
-230.80,0.00,233.20,5.15
-230.80,0.00,232.80,5.23
-230.80,0.00,233.20,5.27
-230.80,0.00,232.80,5.15
-230.80,0.00,232.80,5.19
-230.80,0.00,232.80,5.17
-230.40,0.00,232.80,5.18
-230.80,0.00,232.80,5.17
-230.80,0.00,232.80,5.22
-230.40,0.00,232.80,5.15
-230.80,0.00,232.80,5.20
-230.80,0.00,232.80,5.21
-230.80,0.00,232.80,5.13
-230.80,0.00,232.40,5.28
-230.40,0.00,232.40,5.28
-230.40,0.00,232.40,5.15
-230.40,0.00,232.40,5.27
-230.40,0.00,232.40,5.14
-230.40,0.00,232.40,5.20
-230.40,0.00,232.40,5.10
-230.40,0.00,232.40,5.13
-230.40,0.00,232.40,5.24
-230.40,0.00,232.40,5.11
-230.40,0.00,232.40,5.16
-230.00,0.00,232.40,5.28
-230.00,0.00,232.40,5.20
-230.00,0.00,232.00,5.24
-230.00,0.00,232.00,5.24
-229.60,0.00,232.40,5.19
-230.00,0.00,232.40,5.11
-230.40,0.00,232.40,5.14
-230.00,0.00,232.00,5.03
-230.00,0.00,232.00,5.14
-230.00,0.00,231.60,5.09
-230.00,0.00,232.00,5.27
-230.00,0.00,232.00,5.12
-230.00,0.00,232.00,5.18
-230.00,0.00,232.00,5.17
-230.00,0.00,232.00,5.21
-230.00,0.00,232.00,5.21
-230.00,0.00,232.00,5.16
-230.00,0.00,232.00,5.24
-229.60,0.00,232.00,5.08
-229.60,0.00,232.00,5.07
-229.60,0.00,232.00,5.28
-229.60,0.00,232.00,5.28
-229.60,0.00,232.00,5.25
-229.60,0.00,231.60,5.14
-229.60,0.00,231.60,5.28
-229.60,0.00,231.60,5.08
-229.60,0.00,231.60,5.10
-229.60,0.00,231.60,5.22
-229.20,0.00,231.60,5.10
-229.60,0.00,231.60,5.30
-229.60,0.00,231.60,5.23
-229.60,0.00,231.60,5.06
-229.60,0.00,231.60,5.27
-229.60,0.00,231.20,5.14
-229.20,0.00,231.60,5.24
-229.20,0.00,231.20,5.07
-229.20,0.00,231.60,5.19
-229.60,0.00,231.60,5.10
-229.20,0.00,231.20,5.14
-229.20,0.00,231.20,5.18
-229.20,0.00,231.20,5.10
-229.20,0.00,231.20,5.22
-229.20,0.00,231.20,5.19
-229.20,0.00,231.20,5.19
-229.20,0.00,231.20,5.18
-228.80,0.00,231.20,5.11
-229.20,0.00,231.20,5.20
-229.20,0.00,231.20,5.15
-228.80,0.00,231.20,5.24
-228.80,0.00,230.80,5.13
-228.80,0.00,230.80,5.11
-228.80,0.00,230.80,5.16
-228.80,0.00,230.80,5.18
-228.80,0.00,230.80,5.21
-228.80,0.00,230.80,5.24
-228.80,0.00,230.80,5.27
-228.80,0.00,230.80,5.28
-228.80,0.00,230.80,5.23
-228.80,0.00,230.80,5.23
-228.80,0.00,230.80,5.15
-228.40,0.00,230.80,5.29
-228.40,0.00,230.40,5.10
-228.40,0.00,230.80,5.16
-228.40,0.00,230.40,5.24
-228.40,0.00,230.40,5.06
-228.40,0.00,230.40,5.26
-228.40,0.00,230.00,5.09
-228.40,0.00,230.80,5.26
-228.40,0.00,230.40,5.15
-228.40,0.00,230.40,5.08
-228.40,0.00,230.40,5.19
-228.40,0.00,230.40,5.11
-228.40,0.00,230.40,5.11
-228.40,0.00,230.40,5.22
-228.40,0.00,230.40,5.11
-227.60,0.00,230.40,5.09
-228.00,0.00,230.40,5.17
-228.00,0.00,230.40,5.28
-228.40,0.00,230.40,5.29
-228.00,0.00,230.00,5.29
-228.00,0.00,230.40,5.24
-228.00,0.00,230.00,5.13
-228.00,0.00,230.00,5.27
-228.00,0.00,230.00,5.17
-228.00,0.00,230.00,5.23
-228.00,0.00,230.00,5.16
-228.00,0.00,230.00,5.18
-228.00,0.00,230.00,5.20
-228.00,0.00,230.00,5.30
-228.00,0.00,229.60,5.21
-228.00,0.00,230.00,5.08
-228.00,0.00,230.00,5.22
-228.00,0.00,229.60,5.15
-227.60,0.00,230.00,5.21
-227.60,0.00,230.00,5.24
-227.60,0.00,229.60,5.17
-227.60,0.00,230.00,5.20
-227.60,0.00,229.60,5.07
-227.60,0.00,229.60,5.15
-227.60,0.00,229.60,5.22
-227.60,0.00,229.60,5.17
-227.60,0.00,229.60,5.21
-227.60,0.00,229.60,5.28
-227.60,0.00,229.60,5.26
-227.20,0.00,229.60,5.08
-227.20,0.00,229.20,5.11
-227.20,0.00,229.20,5.28
-227.20,0.00,229.20,5.17
-227.20,0.00,229.20,5.15
-227.20,0.00,229.20,5.16
-227.20,0.00,229.20,5.24
-227.20,0.00,229.20,5.16
-226.80,0.00,229.20,5.28
-227.20,0.00,229.20,5.25
-226.80,0.00,229.20,5.20
-226.80,0.00,228.80,5.19
-226.80,0.00,228.80,5.11
-226.80,0.00,229.20,5.20
-226.80,0.00,228.80,5.24
-227.20,0.00,229.20,5.21
-226.80,0.00,229.20,5.30
-226.80,0.00,228.80,5.28
-226.80,0.00,228.80,5.17
-226.80,0.00,229.20,5.27
-226.80,0.00,228.80,5.29
-226.80,0.00,228.80,5.20
-226.00,0.00,228.40,5.24
-226.40,0.00,228.40,5.11
-226.80,0.00,228.40,5.15
-226.40,0.00,228.40,5.06
-226.40,0.00,228.00,5.20
-226.40,0.00,228.40,5.07
-226.00,0.00,228.00,5.17
-226.00,0.00,228.00,5.28
-226.00,0.00,228.40,5.14
-226.00,0.00,228.00,5.12
-226.40,0.00,228.00,5.16
-226.00,0.00,228.00,5.24
-226.00,0.00,228.00,5.28
-227.20,0.00,229.20,5.24
-227.60,0.00,229.60,5.27
-227.60,0.00,229.60,5.28
-227.60,0.00,229.60,5.19
-227.60,0.00,229.60,5.14
-227.20,0.00,229.20,5.27
-227.20,0.00,229.20,5.16
-227.60,0.00,229.60,5.23
-227.20,0.00,229.20,5.23
-227.20,0.00,229.60,5.11
-227.60,0.00,230.00,5.17
-227.20,0.00,229.60,5.27
-227.20,0.00,229.20,5.21
-227.20,0.00,229.20,5.19
-227.20,0.00,229.20,5.12
-227.20,0.00,229.20,5.24
-227.20,0.00,229.20,5.28
-227.20,0.00,229.20,5.19
-227.20,0.00,229.20,5.11
-227.20,0.00,229.20,5.21
-226.80,0.00,229.20,5.26
-226.80,0.00,228.80,5.09
-227.20,0.00,228.80,5.19
-226.80,0.00,228.80,5.07
-226.80,0.00,228.80,5.15
-226.80,0.00,229.20,5.27
-226.80,0.00,228.80,5.10
-226.80,0.00,228.80,5.13
-226.80,0.00,228.80,5.27
-226.80,0.00,228.80,5.09
-226.40,0.00,228.80,5.24
-226.80,0.00,228.80,5.17
-226.80,0.00,228.80,5.16
-226.80,0.00,228.80,5.18
-226.40,0.00,228.40,5.20
-226.40,0.00,228.40,5.21
-226.80,0.00,228.80,5.14
-226.40,0.00,228.40,5.21
-226.40,0.00,228.40,5.25
-225.60,0.00,228.40,5.19
-226.40,0.00,228.40,5.06
-226.40,0.00,228.40,5.17
-226.40,0.00,228.40,5.09
-226.40,0.00,228.00,5.13
-226.40,0.00,228.40,5.11
-226.00,0.00,228.40,5.23
-226.00,0.00,228.00,5.26
-226.40,0.00,228.40,5.09
-226.40,0.00,228.40,5.20
-226.00,0.00,228.40,5.26
-226.00,0.00,228.40,5.08
-226.40,0.00,228.40,5.27
-226.40,0.00,228.40,5.29
-226.40,0.00,228.40,5.11
-226.00,0.00,228.00,5.30
-226.00,0.00,228.40,5.22
-226.00,0.00,228.00,5.29
-226.00,0.00,228.00,5.17
-226.00,0.00,228.00,5.28
-226.00,0.00,228.00,5.31
-226.00,0.00,228.00,5.24
-226.00,0.00,228.00,5.17
-225.60,0.00,228.00,5.25
-225.60,0.00,228.00,5.28
-225.60,0.00,228.00,5.11
-225.60,0.00,228.00,5.17
-226.00,0.00,228.00,5.12
-225.60,0.00,227.60,5.28
-225.60,0.00,227.60,5.27
-225.60,0.00,227.60,5.15
-225.60,0.00,227.60,5.24
-225.60,0.00,227.60,5.07
-225.60,0.00,227.60,5.16
-225.60,0.00,227.60,5.24
-225.60,0.00,227.60,5.11
-225.60,0.00,227.60,5.13
-225.60,0.00,227.60,5.26
-225.60,0.00,227.60,5.17
-225.60,0.00,227.60,5.09
-225.60,0.00,227.60,5.08
-225.60,0.00,227.60,5.17
-225.20,0.00,227.60,5.26
-224.80,0.00,227.20,5.13
-225.20,0.00,227.60,5.28
-225.20,0.00,227.60,5.27
-225.20,0.00,227.60,5.26
-225.20,0.00,227.20,5.23
-225.20,0.00,227.20,5.25
-225.20,0.00,227.20,5.11
-225.20,0.00,227.20,5.17
-225.20,0.00,227.20,5.21
-225.20,0.00,227.20,5.29
-225.20,0.00,227.20,5.15
-225.20,0.00,227.20,5.10
-225.20,0.00,227.20,5.12
-224.80,0.00,227.20,5.27
-224.80,0.00,226.80,5.22
-224.80,0.00,227.20,5.29
-225.20,0.00,227.20,5.26
-225.20,0.00,227.20,5.13
-224.80,0.00,227.20,5.24
-224.80,0.00,226.80,5.26
-224.80,0.00,226.80,5.15
-224.80,0.00,226.80,5.20
-224.80,0.00,227.20,5.27
-224.80,0.00,226.40,5.23
-224.80,0.00,226.80,5.21
-225.20,0.00,226.80,5.28
-224.80,0.00,226.80,5.22
-224.80,0.00,226.80,5.17
-224.80,0.00,226.80,5.27
-224.80,0.00,226.80,5.21
-224.80,0.00,226.80,5.23
-224.80,0.00,226.80,5.16
-224.80,0.00,226.80,5.16
-224.40,0.00,226.40,5.20
-224.80,0.00,226.80,5.22
-224.80,0.00,226.80,5.15
-224.40,0.00,226.40,5.29
-224.40,0.00,226.40,5.19
-224.40,0.00,226.80,5.12
-224.40,0.00,226.40,5.15
-224.40,0.00,226.40,5.08
-224.40,0.00,226.40,5.30
-224.40,0.00,226.40,5.28
-224.40,0.00,226.40,5.30
-224.40,0.00,226.40,5.19
-224.40,0.00,226.40,5.16
-223.60,0.00,226.40,5.16
-224.40,0.00,226.40,5.22
-224.40,0.00,226.40,5.11
-224.40,0.00,226.40,5.27
-224.00,0.00,226.40,5.14
-224.40,0.00,226.00,5.27
-224.00,0.00,226.00,5.24
-224.00,0.00,226.00,5.17
-224.00,0.00,226.00,5.18
-224.00,0.00,226.00,5.09
-224.00,0.00,226.00,5.24
-224.00,0.00,226.00,5.10
-224.00,0.00,226.00,5.25
-224.00,0.00,226.00,5.20
-223.60,0.00,225.60,5.30
-224.00,0.00,226.00,5.19
-224.00,0.00,226.00,5.14
-223.60,0.00,225.60,5.18
-223.60,0.00,226.00,5.22
-223.60,0.00,225.60,5.15
-224.00,0.00,226.00,5.14
-223.60,0.00,225.60,5.28
-223.60,0.00,225.60,5.22
-223.60,0.00,225.60,5.13
-223.60,0.00,225.60,5.30
-223.60,0.00,225.60,5.22
-223.60,0.00,225.60,5.30
-223.60,0.00,225.60,5.16
-223.20,0.00,225.60,5.17
-223.60,0.00,225.60,5.11
-223.60,0.00,225.60,5.26
-223.20,0.00,225.20,5.11
-223.20,0.00,225.20,5.27
-223.20,0.00,225.20,5.11
-223.20,0.00,225.20,5.08
-223.20,0.00,225.20,5.31
-223.20,0.00,225.20,5.18
-223.20,0.00,225.20,5.09
-223.20,0.00,225.20,5.18
-223.20,0.00,225.20,5.12
-223.20,0.00,225.20,5.22
-222.80,0.00,225.20,5.18
-222.80,0.00,225.20,5.19
-222.80,0.00,225.20,5.05
-223.20,0.00,225.20,5.19
-222.80,0.00,224.80,5.11
-222.80,0.00,224.80,5.15
-222.40,0.00,224.80,5.18
-222.80,0.00,224.80,5.15
-222.80,0.00,224.80,5.27
-222.80,0.00,224.80,5.12
-222.80,0.00,224.80,5.17
-222.80,0.00,224.80,5.13
-222.80,0.00,224.80,5.25
-222.80,0.00,224.40,5.23
-222.80,0.00,224.80,5.05
-222.80,0.00,224.80,5.28
-222.40,0.00,224.40,5.06
-222.40,0.00,224.40,5.30
-222.40,0.00,224.80,5.13
-222.40,0.00,224.40,5.24
-222.40,0.00,224.40,5.14
-222.40,0.00,224.40,5.25
-222.40,0.00,224.40,5.28
-222.40,0.00,224.40,5.16
-222.40,0.00,224.40,5.23
-222.40,0.00,223.60,5.17
-224.00,0.00,224.80,5.26
-222.40,0.00,224.40,5.16
-222.40,0.00,224.40,5.17
-222.40,0.00,224.40,5.12
-222.40,0.00,223.60,5.30
-222.40,0.00,224.40,5.03
-222.40,0.00,224.40,5.20
-222.40,0.00,224.40,5.09
-222.00,0.00,224.00,5.13
-222.00,0.00,224.40,5.15
-222.00,0.00,224.40,5.06
-222.00,0.00,224.00,5.28
-222.00,0.00,224.00,5.28
-222.00,0.00,224.00,5.16
-222.00,0.00,224.00,5.17
-222.00,0.00,224.00,5.29
-222.00,0.00,224.00,5.15
-222.00,0.00,224.00,5.08
-221.60,0.00,223.60,5.25
-221.60,0.00,224.00,5.09
-222.00,0.00,224.00,5.17
-222.00,0.00,224.00,5.18
-221.60,0.00,224.00,5.26
-221.60,0.00,223.60,5.27
-221.60,0.00,223.60,5.30
-221.60,0.00,223.60,5.26
-221.60,0.00,223.60,5.11
-221.60,0.00,223.60,5.23
-221.60,0.00,223.20,5.18
-221.60,0.00,223.60,5.28
-221.60,0.00,223.60,5.22
-221.60,0.00,223.20,5.17
-221.60,0.00,223.60,5.08
-221.60,0.00,223.20,5.30
-221.20,0.00,223.60,5.23
-221.20,0.00,223.60,5.14
-221.20,0.00,223.20,5.23
-221.60,0.00,223.60,5.22
-221.20,0.00,223.20,5.14
-221.20,0.00,223.20,5.30
-221.20,0.00,223.20,5.18
-221.20,0.00,223.20,5.28
-221.20,0.00,223.20,5.15
-221.20,0.00,223.20,5.09
-221.20,0.00,223.20,5.28
-221.20,0.00,223.20,5.17
-221.20,0.00,223.20,5.18
-220.80,0.00,223.20,5.27
-221.20,0.00,223.20,5.27
-221.20,0.00,223.20,5.17
-220.80,0.00,222.80,5.18
-220.80,0.00,222.80,5.20
-220.80,0.00,222.80,5.27
-220.80,0.00,222.80,5.14
-220.80,0.00,223.20,5.18
-220.80,0.00,222.80,5.26
-220.80,0.00,222.80,5.21
-220.80,0.00,222.80,5.22
-220.40,0.00,222.40,5.12
-220.40,0.00,222.80,5.27
-220.40,0.00,222.40,5.10
-220.40,0.00,222.80,5.10
-220.40,0.00,222.40,5.25
-220.40,0.00,222.40,5.15
-220.40,0.00,222.40,5.14
-220.40,0.00,222.40,5.26
-220.40,0.00,222.40,5.07
-220.40,0.00,222.40,5.16
-220.40,0.00,222.40,5.20
-220.40,0.00,222.40,5.18
-220.40,0.00,222.40,5.15
-220.00,0.00,222.40,5.28
-220.40,0.00,222.40,5.11
-220.40,0.00,222.40,5.12
-220.00,0.00,222.00,5.20
-220.40,0.00,222.40,5.18
-220.40,0.00,222.40,5.09
-220.00,0.00,222.40,5.19
-220.00,0.00,222.00,5.28
-219.60,0.00,222.00,5.11
-220.00,0.00,222.00,5.15
-220.00,0.00,222.00,5.18
-220.00,0.00,222.00,5.25
-219.60,0.00,221.60,5.24
-220.00,0.00,222.00,5.24
-219.60,0.00,221.60,5.21
-220.00,0.00,221.60,5.27
-220.00,0.00,222.00,5.23
-219.20,0.00,221.60,5.18
-219.60,0.00,221.60,5.25
-219.60,0.00,221.60,5.23
-219.60,0.00,221.60,5.23
-219.60,0.00,221.60,5.25
-219.60,0.00,221.20,5.22
-219.60,0.00,221.60,5.28
-219.60,0.00,221.60,5.17
-219.60,0.00,221.60,5.16
-219.60,0.00,221.60,5.18
-219.20,0.00,221.60,5.24
-219.60,0.00,221.60,5.18
-219.20,0.00,221.60,5.15
-219.60,0.00,221.20,5.22
-219.20,0.00,221.20,5.13
-219.20,0.00,221.20,5.24
-219.60,0.00,221.20,5.23
-219.20,0.00,221.20,5.14
-219.60,0.00,221.20,5.21
-219.20,0.00,220.80,5.18
-219.20,0.00,221.20,5.19
-219.20,0.00,221.20,5.17
-219.20,0.00,221.20,5.28
-218.80,0.00,220.80,5.09
-219.20,0.00,221.20,5.24
-218.80,0.00,220.80,5.16
-219.20,0.00,221.20,5.17
-218.80,0.00,220.80,5.22
-218.40,0.00,220.80,5.26
-219.20,0.00,220.80,5.10
-218.80,0.00,220.80,5.14
-218.80,0.00,220.80,5.21
-218.80,0.00,220.80,5.21
-218.80,0.00,220.80,5.10
-218.80,0.00,220.80,5.09
-218.80,0.00,220.80,5.19
-218.80,0.00,220.80,5.08
-218.80,0.00,220.80,5.17
-218.40,0.00,220.40,5.17
-218.40,0.00,220.80,5.27
-218.40,0.00,220.80,5.16
-218.40,0.00,220.40,5.28
-218.40,0.00,220.80,5.21
-218.40,0.00,220.40,5.15
-218.40,0.00,220.40,5.19
-218.40,0.00,220.40,5.11
-218.40,0.00,220.40,5.24
-218.40,0.00,220.00,5.10
-218.40,0.00,220.40,5.22
-218.40,0.00,220.40,5.29
-218.40,0.00,220.40,5.19
-218.00,0.00,220.40,5.11
-218.40,0.00,220.40,5.26
-218.40,0.00,220.00,5.13
-218.40,0.00,220.00,5.19
-218.00,0.00,220.00,5.28
-218.00,0.00,220.00,5.05
-218.00,0.00,220.00,5.26
-218.00,0.00,220.00,5.21
-218.00,0.00,220.00,5.25
-218.00,0.00,220.00,5.20
-218.00,0.00,220.00,5.17
-218.00,0.00,220.00,5.21
-218.00,0.00,219.60,5.18
-218.00,0.00,219.60,5.26
-217.60,0.00,219.60,5.28
-217.60,0.00,219.20,5.06
-217.60,0.00,219.60,5.23
-217.60,0.00,219.60,5.16
-217.60,0.00,219.60,5.13
-217.60,0.00,219.60,5.26
-217.60,0.00,219.20,5.26
-217.60,0.00,219.60,5.10
-217.20,0.00,219.20,5.28
-217.20,0.00,219.20,5.27
-217.20,0.00,219.20,5.11
-217.20,0.00,219.60,5.08
-217.20,0.00,219.20,5.18
-217.20,0.00,219.20,5.21
-217.20,0.00,219.20,5.16
-217.20,0.00,219.20,5.13
-217.20,0.00,219.20,5.10
-217.20,0.00,219.20,5.17
-217.20,0.00,219.20,5.14
-217.20,0.00,219.20,5.28
-216.80,0.00,218.80,5.28
-217.20,0.00,218.80,5.07
-217.20,0.00,218.80,5.23
-216.80,0.00,219.20,5.23
-216.80,0.00,218.80,5.08
-217.20,0.00,219.20,5.20
-216.80,0.00,218.80,5.22
-216.80,0.00,218.80,5.13
-216.80,0.00,218.80,5.23
-216.80,0.00,218.80,5.08
-216.80,0.00,218.80,5.30
-216.80,0.00,218.80,5.08
-216.80,0.00,218.80,5.24
-216.80,0.00,218.80,5.23
-216.40,0.00,218.40,5.15
-216.80,0.00,218.80,5.12
-216.40,0.00,218.80,5.19
-216.40,0.00,218.40,5.19
-216.40,0.00,218.40,5.23
-216.00,0.00,218.40,5.11
-216.40,0.00,218.40,5.18
-216.40,0.00,218.40,5.08
-216.40,0.00,218.40,5.17
-216.40,0.00,218.40,5.26
-216.00,0.00,218.40,5.13
-216.40,0.00,218.40,5.16
-216.40,0.00,218.40,5.16
-216.40,0.00,218.40,5.30
-216.40,0.00,218.40,5.17
-216.00,0.00,217.60,5.17
-216.00,0.00,218.00,5.13
-216.00,0.00,218.00,5.20
-216.00,0.00,218.00,5.07
-216.00,0.00,218.00,5.10
-216.00,0.00,218.00,5.11
-216.00,0.00,218.00,5.28
-215.60,0.00,218.00,5.09
-216.00,0.00,217.60,5.17
-216.00,0.00,218.00,5.26
-216.00,0.00,218.00,5.14
-215.60,0.00,218.00,5.18
-216.00,0.00,218.00,5.11
-215.60,0.00,217.60,5.22
-215.60,0.00,217.60,5.27
-215.60,0.00,217.60,5.14
-215.60,0.00,217.60,5.21
-215.60,0.00,217.60,5.07
-215.60,0.00,217.60,5.09
-215.60,0.00,217.60,5.21
-215.60,0.00,217.60,5.25
-215.60,0.00,217.60,5.16
-215.60,0.00,217.60,5.25
-215.60,0.00,217.60,5.19
-215.60,0.00,217.60,5.20
-215.60,0.00,217.60,5.17
-215.20,0.00,217.20,5.28
-215.20,0.00,217.20,5.26
-215.20,0.00,217.20,5.14
-215.20,0.00,217.20,5.13
-215.20,0.00,217.20,5.26
-215.20,0.00,217.20,5.22
-215.20,0.00,217.20,5.05
-215.20,0.00,217.20,5.12
-214.80,0.00,216.80,5.12
-214.80,0.00,217.20,5.11
-214.80,0.00,216.80,5.21
-214.80,0.00,216.40,5.18
-215.20,0.00,216.80,5.26
-214.80,0.00,216.80,5.24
-214.80,0.00,216.80,5.10
-214.80,0.00,216.80,5.23
-214.80,0.00,216.80,5.08
-214.80,0.00,216.80,5.19
-214.80,0.00,216.80,5.19
-214.80,0.00,216.40,5.19
-214.40,0.00,216.40,5.16
-214.40,0.00,216.40,5.18
-214.40,0.00,216.80,5.23
-214.40,0.00,216.40,5.12
-214.40,0.00,216.80,5.08
-214.40,0.00,216.40,5.14
-214.40,0.00,216.40,5.21
-214.40,0.00,216.40,5.07
-214.40,0.00,216.40,5.09
-214.40,0.00,216.40,5.23
-214.40,0.00,216.40,5.29
-214.40,0.00,216.40,5.24
-214.40,0.00,216.40,5.24
-214.00,0.00,216.00,5.19
-213.60,0.00,216.00,5.22
-214.40,0.00,216.40,5.13
-214.00,0.00,216.00,5.16
-214.00,0.00,216.00,5.10
-214.00,0.00,216.00,5.10
-214.00,0.00,216.00,5.23
-214.00,0.00,216.00,5.09
-214.00,0.00,216.00,5.27
-213.60,0.00,215.60,5.07
-213.60,0.00,215.60,5.28
-214.00,0.00,215.60,5.17
-213.60,0.00,215.60,5.15
-213.60,0.00,215.60,5.18
-213.60,0.00,215.60,5.21
-213.60,0.00,215.60,5.21
-213.60,0.00,215.60,5.27
-213.60,0.00,215.60,5.09
-213.60,0.00,215.60,5.28
-213.60,0.00,215.20,5.11
-213.60,0.00,215.20,5.17
-213.20,0.00,215.20,5.10
-213.60,0.00,215.20,5.24
-213.20,0.00,215.20,5.11
-213.20,0.00,215.20,5.30
-213.20,0.00,215.20,5.26
-213.20,0.00,215.20,5.25
-213.20,0.00,215.20,5.19
-213.20,0.00,215.20,5.25
-212.80,0.00,215.20,5.13
-213.20,0.00,214.80,5.27
-213.20,0.00,214.80,5.11
-213.20,0.00,215.20,5.23
-212.80,0.00,214.80,5.09
-213.20,0.00,215.20,5.17
-212.80,0.00,214.80,5.22
-212.80,0.00,214.80,5.24
-212.80,0.00,214.80,5.10
-212.80,0.00,214.80,5.10
-212.80,0.00,214.80,5.07
-212.80,0.00,214.80,5.23
-212.80,0.00,214.40,5.22
-212.80,0.00,214.40,5.31
-212.40,0.00,214.80,5.14
-212.80,0.00,214.40,5.30
-212.80,0.00,214.40,5.10
-212.80,0.00,214.40,5.20
-212.40,0.00,214.40,5.20
-212.40,0.00,214.00,5.28
-212.40,0.00,214.40,5.23
-212.40,0.00,214.40,5.12
-212.40,0.00,214.40,5.28
-212.40,0.00,214.40,5.20
-212.00,0.00,214.00,5.30
-212.40,0.00,214.00,5.26
-212.40,0.00,214.40,5.29
-212.00,0.00,214.00,5.11
-212.40,0.00,214.00,5.20
-212.00,0.00,214.00,5.15
-212.00,0.00,214.00,5.28
-212.00,0.00,214.00,5.16
-212.00,0.00,214.00,5.13
-212.00,0.00,214.00,5.17
-212.00,0.00,214.00,5.08
-212.00,0.00,214.00,5.26
-212.00,0.00,213.60,5.09
-211.60,0.00,213.60,5.15
-211.60,0.00,213.60,5.26
-211.60,0.00,213.60,5.28
-212.00,0.00,213.60,5.27
-211.60,0.00,213.60,5.22
-211.60,0.00,213.20,5.17
-211.60,0.00,212.80,5.16
-211.60,0.00,213.60,5.16
-211.60,0.00,213.60,5.08
-211.60,0.00,213.60,5.17
-211.20,0.00,213.20,5.13
-211.20,0.00,213.20,5.15
-211.20,0.00,213.60,5.15
-211.20,0.00,213.20,5.07
-211.20,0.00,213.20,5.24
-211.20,0.00,213.20,5.20
-211.20,0.00,212.80,5.10
-211.20,0.00,213.20,5.30
-211.20,0.00,212.80,5.09
-211.20,0.00,212.80,5.29
-210.80,0.00,212.80,5.18
-210.80,0.00,212.80,5.12
-210.80,0.00,212.80,5.16
-210.80,0.00,212.80,5.08
-210.80,0.00,212.80,5.28
-210.80,0.00,212.80,5.21
-210.80,0.00,212.80,5.22
-210.80,0.00,212.80,5.20
-210.80,0.00,212.80,5.08
-210.80,0.00,212.80,5.20
-210.80,0.00,212.40,5.18
-210.40,0.00,212.80,5.14
-210.40,0.00,212.40,5.29
-210.40,0.00,212.40,5.20
-210.40,0.00,212.40,5.28
-210.40,0.00,212.40,5.28
-210.40,0.00,212.40,5.28
-210.40,0.00,212.40,5.15
-210.40,0.00,212.00,5.19
-210.00,0.00,212.40,5.29
-210.00,0.00,212.00,5.14
-210.40,0.00,212.00,5.28
-210.40,0.00,212.00,5.27
-210.00,0.00,212.00,5.23
-210.00,0.00,212.00,5.13
-210.00,0.00,212.00,5.28
-210.00,0.00,212.00,5.07
-210.00,0.00,212.00,5.15
-210.00,0.00,211.60,5.20
-210.00,0.00,212.00,5.19
-210.00,0.00,212.00,5.20
-210.00,0.00,211.60,5.28
-210.00,0.00,211.60,5.28
-209.60,0.00,211.60,5.30
-209.60,0.00,211.60,5.20
-209.60,0.00,211.60,5.20
-209.60,0.00,211.60,5.16
-209.60,0.00,211.20,5.08
-209.60,0.00,210.80,5.19
-209.60,0.00,211.20,5.18
-209.60,0.00,211.60,5.20
-209.60,0.00,211.20,5.24
-209.20,0.00,211.60,5.21
-209.20,0.00,211.20,5.09
-209.20,0.00,211.20,5.22
-209.20,0.00,211.20,5.13
-209.20,0.00,211.20,5.28
-209.20,0.00,211.20,5.23
-209.20,0.00,210.80,5.09
-209.20,0.00,211.20,5.16
-209.20,0.00,211.20,5.16
-208.80,0.00,210.80,5.14
-208.80,0.00,210.80,5.13
-209.20,0.00,210.80,5.25
-208.80,0.00,210.80,5.24
-208.80,0.00,210.80,5.20
-208.80,0.00,210.40,5.11
-208.80,0.00,210.80,5.17
-208.80,0.00,210.80,5.28
-208.40,0.00,210.40,5.29
-208.80,0.00,210.40,5.29
-208.40,0.00,210.00,5.26
-208.40,0.00,210.40,5.28
-208.40,0.00,210.40,5.28
-208.40,0.00,210.40,5.26
-208.40,0.00,210.40,5.26
-208.40,0.00,210.40,5.11
-208.40,0.00,210.00,5.28
-208.40,0.00,210.40,5.11
-208.40,0.00,210.00,5.15
-207.60,0.00,210.00,5.08
-208.40,0.00,210.00,5.21
-208.00,0.00,210.00,5.13
-208.00,0.00,210.00,5.05
-208.00,0.00,210.00,5.29
-208.00,0.00,209.60,5.26
-208.00,0.00,210.00,5.19
0.00,0.00,0.00,5.07
0.00,0.00,0.00,5.26
0.00,0.00,0.00,5.08
0.00,0.00,0.00,5.26
0.00,0.00,0.00,5.26
0.00,0.00,0.00,5.25
0.00,0.00,0.00,5.11
0.00,0.00,0.00,5.13
0.00,0.00,0.00,5.13
0.00,0.00,0.00,5.09
0.00,0.00,0.00,5.28
0.00,0.00,0.00,5.22
0.00,0.00,0.00,5.11
0.00,0.00,0.00,5.29
0.00,0.00,0.00,5.25
0.00,0.00,0.00,5.27
0.00,0.00,0.00,5.26
0.00,0.00,0.00,5.23
0.00,0.00,0.00,5.25
0.00,0.00,0.00,5.27
0.00,0.00,0.00,5.21
0.00,0.00,0.00,5.10
0.00,0.00,0.00,5.28
0.00,0.00,0.00,5.25
0.00,0.00,0.00,5.10
0.00,0.00,0.00,5.29
0.00,0.00,0.00,5.11
0.00,0.00,0.00,5.27
0.00,0.00,0.00,5.25
0.00,0.00,0.00,5.24
0.00,0.00,0.00,5.16
0.00,0.00,0.00,5.27
0.00,0.00,0.00,5.11
0.00,0.00,0.00,5.08
0.00,0.00,0.00,5.17
0.00,0.00,0.00,5.17
0.00,0.00,0.00,5.09
0.00,0.00,0.00,5.27
0.00,0.00,0.00,5.18
0.00,0.00,0.00,5.12
0.00,0.00,0.00,5.08
0.00,0.00,0.00,5.14
0.00,0.00,0.00,5.30
0.00,0.00,0.00,5.17
0.00,0.00,0.00,5.15
0.00,0.00,0.00,5.15
0.00,0.00,0.00,5.11
0.00,0.00,0.00,5.09
0.00,0.00,0.00,5.24
0.00,0.00,0.00,5.21
0.00,0.00,0.00,5.12
0.00,0.00,0.00,5.24
0.00,0.00,0.00,5.25
0.00,0.00,0.00,5.23
0.00,0.00,0.00,5.26
0.00,0.00,0.00,5.22
0.00,0.00,0.00,5.18
0.00,0.00,0.00,5.28
0.00,0.00,0.00,5.07
0.00,0.00,0.00,5.13
0.00,0.00,0.00,5.27
0.00,0.00,0.00,5.16
0.00,0.00,0.00,5.28
0.00,0.00,0.00,5.21
0.00,0.00,0.00,5.13
0.00,0.00,0.00,5.08
0.00,0.00,0.00,5.14
0.00,0.00,0.00,5.07
0.00,0.00,0.00,5.25
0.00,0.00,0.00,5.07
0.00,0.00,0.00,5.27
0.00,0.00,0.00,5.09
0.00,0.00,0.00,5.19
0.00,0.00,0.00,5.08
0.00,0.00,0.00,5.14
0.00,0.00,0.00,5.18
-541.60,548.00,0.00,5.23
-286.00,-0.40,214.80,5.24
-479.20,1217.20,-887.20,5.27
-210.00,-2.40,-1638.40,5.08
-210.40,-2.40,212.40,5.21
-210.40,-0.40,215.20,5.09
-212.00,-2.00,214.40,5.13
-210.40,0.00,213.20,5.26
-209.60,0.00,212.40,5.25
-220.80,-1.20,214.40,5.24
-292.40,1163.60,214.40,5.16
-211.20,1638.00,-902.40,5.24
-482.80,1221.60,-874.40,5.02
-211.60,-2.40,-1638.40,5.05
-212.40,0.00,217.60,5.17
-212.40,-2.40,215.20,5.27
-213.20,-2.40,214.80,5.28
-214.00,-1.20,216.80,5.17
-217.60,0.80,219.20,5.09
-294.00,1162.00,217.20,5.21
-218.40,550.00,0.00,5.03
-549.20,555.20,0.00,5.14
-291.20,149.20,218.80,5.13
-468.40,1182.40,-298.80,5.28
-214.80,1638.00,-899.20,5.15
-214.80,-2.40,-1638.40,5.11
-215.20,-2.00,218.00,5.17
-215.20,-2.40,-1638.40,5.17
-215.60,-0.40,221.20,5.24
-216.00,-2.00,219.20,5.16
-188.80,-2.00,191.60,5.08
-550.80,556.80,0.00,5.06
-216.80,1638.00,-902.00,5.09
-217.20,-1.20,220.80,5.09
-217.20,-2.40,220.00,5.16
-217.60,1.20,194.40,5.22
-551.60,557.60,0.00,5.25
-218.40,-1.20,223.20,5.09
-218.40,-1.60,223.60,5.20
-218.80,0.40,222.40,5.09
-220.40,-2.00,222.80,5.08
-552.80,558.40,0.00,5.20
-219.60,-0.40,224.40,5.17
-219.60,-2.00,222.40,5.21
-219.60,-2.00,222.80,5.07
-220.40,-2.80,224.80,5.29
-553.60,559.20,0.00,5.27
-221.20,-2.40,223.20,5.14
-274.40,0.40,226.40,5.07
-441.20,1285.60,-872.80,5.18
-220.40,-1.60,208.40,5.21
-220.80,0.00,225.60,5.15
-221.60,-2.00,224.00,5.26
-550.00,557.60,0.00,5.24
-554.40,560.40,-1638.40,5.23
-222.00,0.00,226.40,5.11
-222.80,0.00,227.60,5.10
-222.40,-2.40,225.20,5.14
-225.60,-1.20,225.20,5.24
-313.20,1171.60,228.40,5.17
-555.20,561.20,0.00,5.21
-321.60,1174.40,228.80,5.14
-222.80,1638.00,-918.00,5.09
-222.80,-2.40,227.20,5.18
-222.80,0.00,225.60,5.10
-555.60,561.60,0.00,5.10
-225.20,-0.40,228.00,5.13
-224.80,-2.00,230.00,5.06
-299.20,0.00,229.20,5.29
-460.80,1190.40,154.00,5.12
-555.60,562.00,0.00,5.10
-226.00,1638.00,-888.40,5.09
-200.00,559.20,0.00,5.26
-557.60,563.20,0.00,5.09
-225.60,-0.80,-1638.40,5.16
-225.60,-1.60,230.80,5.08
-226.00,-2.00,228.80,5.07
-226.00,-0.40,230.80,5.21
-300.80,0.00,229.20,5.20
-477.60,1262.00,-871.20,5.22
-555.60,562.40,0.00,5.20
-236.40,0.00,232.80,5.29
-378.00,1178.40,232.80,5.15
-225.60,1638.00,-923.20,5.13
-557.60,563.60,0.00,5.14
-227.20,1638.00,-912.80,5.22
-226.00,-2.00,229.20,5.18
-226.40,-2.00,-1638.40,5.15
-226.40,-1.20,232.00,5.29
-558.00,564.00,0.00,5.13
-228.40,-2.00,232.40,5.16
-227.60,-0.80,231.20,5.12
-227.60,-2.00,231.60,5.28
-228.00,0.00,227.60,5.07
-303.60,0.00,233.60,5.19
-488.80,1211.20,-131.20,5.27
-227.20,1638.00,-1123.60,5.09
-559.20,565.20,0.00,5.17
-374.80,1387.60,-871.20,5.21
-228.00,-2.80,-1638.40,5.27
-228.00,-2.00,232.00,5.17
-228.00,-2.40,233.60,5.22
-227.60,-0.40,231.20,5.09
-228.00,0.40,231.20,5.08
-228.40,-2.00,233.60,5.09
-229.60,-1.20,234.00,5.11
-559.60,565.60,0.00,5.09
-230.40,0.40,232.80,5.09
-228.40,0.00,231.20,5.28
-227.60,0.00,230.40,5.17
-227.20,0.00,229.60,5.07
-226.80,0.00,229.20,5.22
-226.40,0.00,228.80,5.28
0.00,0.00,0.00,5.13
0.00,0.00,0.00,5.22
0.00,0.00,0.00,5.14
0.00,0.00,0.00,5.11
0.00,0.00,0.00,5.07
0.00,0.00,0.00,5.29
0.00,0.00,0.00,5.19
0.00,0.00,0.00,5.26
0.00,0.00,0.00,5.24
0.00,0.00,0.00,5.25
0.00,0.00,0.00,5.21
0.00,0.00,0.00,5.27
0.00,0.00,0.00,5.27
0.00,0.00,0.00,5.25
0.00,0.00,0.00,4.37
0.00,0.00,0.00,4.56
0.00,0.00,0.00,4.56
0.00,0.00,0.00,4.56
0.00,0.00,0.00,4.56
0.00,0.00,0.00,4.56
0.00,0.00,0.00,4.56
0.00,0.00,0.00,4.57
0.00,0.00,0.00,4.57
0.00,0.00,0.00,4.56
0.00,0.00,0.00,4.57
0.00,0.00,0.00,4.56
0.00,0.00,0.00,4.56
0.00,0.00,0.00,4.57
0.00,0.00,0.00,4.57
0.00,0.00,0.00,4.57
