3.89,3.94,3.97,3.88,3.86,4.08,-3372.00,17.80,23.94,Mon Jan  1 00:00:00 2024
3.89,3.94,3.97,3.89,3.87,4.05,-3324.00,17.80,23.84,Mon Jan  1 00:00:02 2024
3.91,3.93,3.97,3.88,3.87,4.05,-3332.00,17.80,23.92,Mon Jan  1 00:00:034.28,4.31,4.35,4.27,4.26,4.49,-4860.00,28.00,26.29,Mon Jan  1 00:00:00 2024
4.11,4.06,4.07,4.04,4.06,4.07,132.00,19.00,24.31,Mon Jan  1 00:00:02 2024
4.11,4.04,4.07,4.04,4.06,4.08,76.00,19.00,24.35,Mon Jan  1 00:00:03 2024
4.11,4.06,4.07,4.05,4.05,4.08,80.00,19.00,24.32,Mon Jan  1 00:00:05 2024
4.11,4.05,4.06,4.04,4.06,4.08,76.00,19.00,24.31,Mon Jan  1 00:00:06 2024
4.11,4.05,4.07,4.04,4.06,4.08,76.00,19.00,24.31,Mon Jan  1 00:00:08 2024
4.11,4.05,4.07,4.05,4.05,4.08,76.00,19.00,24.32,Mon Jan  1 00:00:09 2024
4.11,4.06,4.07,4.04,4.05,4.08,132.00,19.00,24.33,Mon Jan  1 00:00:11 2024
4.11,4.05,4.06,4.04,4.06,4.08,80.00,19.00,24.31,Mon Jan  1 00:00:12 2024
4.11,4.05,4.06,4.05,4.06,4.08,80.00,19.00,24.31,Mon Jan  1 00:00:14 2024
4.10,4.05,4.06,4.05,4.05,4.05,108.00,19.00,24.17,Mon Jan  1 00:00:15 2024
4.11,4.05,4.07,4.04,4.05,4.08,80.00,19.00,24.31,Mon Jan  1 00:00:17 2024
4.11,4.05,4.07,4.05,4.05,4.08,76.00,19.00,24.32,Mon Jan  1 00:00:18 2024
4.11,4.03,4.07,4.04,4.05,4.08,76.00,19.00,24.31,Mon Jan  1 00:00:20 2024
4.11,4.05,4.07,4.04,4.05,4.08,76.00,19.00,24.28,Mon Jan  1 00:00:21 2024
4.11,4.05,4.06,4.05,4.05,4.07,76.00,19.00,24.28,Mon Jan  1 00:00:23 2024
4.10,4.05,4.06,4.05,4.05,4.08,80.00,19.00,24.31,Mon Jan  1 00:00:24 2024
4.10,4.05,4.06,4.04,4.05,4.08,76.00,19.00,24.31,Mon Jan  1 00:00:26 2024
4.10,4.05,4.06,4.05,4.05,4.08,80.00,19.00,24.31,Mon Jan  1 00:00:27 2024
4.10,4.05,4.07,4.04,4.05,4.07,76.00,19.10,24.30,Mon Jan  1 00:00:29 2024
4.10,4.04,4.07,4.04,4.06,4.08,76.00,19.10,24.31,Mon Jan  1 00:00:30 2024
4.10,4.05,4.06,4.04,4.05,4.08,80.00,19.20,24.31,Mon Jan  1 00:00:32 2024
4.10,4.05,4.06,4.04,4.05,4.08,76.00,19.20,24.31,Mon Jan  1 00:00:33 2024
4.10,4.04,4.06,4.04,4.05,4.07,76.00,19.30,24.32,Mon Jan  1 00:00:35 2024
4.09,4.04,4.06,4.04,4.05,4.07,80.00,19.30,24.30,Mon Jan  1 00:00:36 2024
4.10,4.05,4.06,4.04,4.05,4.07,76.00,19.40,24.31,Mon Jan  1 00:00:38 2024
4.10,4.03,4.06,4.03,4.05,4.07,80.00,19.40,24.31,Mon Jan  1 00:00:39 2024
4.10,4.05,4.06,4.04,4.03,4.08,76.00,19.40,24.31,Mon Jan  1 00:00:41 2024
4.10,4.04,4.06,4.04,4.05,4.07,76.00,19.40,24.31,Mon Jan  1 00:00:42 2024
4.10,4.04,4.06,4.04,4.05,4.07,80.00,19.40,24.31,Mon Jan  1 00:00:44 2024
4.10,4.05,4.05,4.04,4.04,4.08,76.00,19.40,24.28,Mon Jan  1 00:00:45 2024
4.10,4.04,4.06,4.05,4.05,4.07,76.00,19.40,24.27,Mon Jan  1 00:00:47 2024
4.10,4.04,4.06,4.04,4.05,4.07,76.00,19.40,24.31,Mon Jan  1 00:00:48 2024
4.08,4.04,4.06,4.04,4.05,4.07,76.00,19.40,24.31,Mon Jan  1 00:00:50 2024
4.10,4.05,4.06,4.04,4.05,4.07,80.00,19.40,24.30,Mon Jan  1 00:00:51 2024
4.09,4.04,4.06,4.03,4.04,4.07,76.00,19.40,24.29,Mon Jan  1 00:00:53 2024
4.09,4.04,4.06,4.03,4.05,4.07,76.00,19.40,24.31,Mon Jan  1 00:00:54 2024
4.09,4.04,4.06,4.04,4.05,4.07,80.00,19.40,24.29,Mon Jan  1 00:00:56 2024
4.10,4.04,4.06,4.03,4.05,4.07,76.00,19.40,24.31,Mon Jan  1 00:00:57 2024
4.10,4.04,4.06,4.02,4.06,4.07,76.00,19.40,24.31,Mon Jan  1 00:00:59 2024
4.10,4.04,4.06,4.04,4.04,4.07,80.00,19.40,24.31,Mon Jan  1 00:01:00 2024
4.09,4.04,4.06,4.03,4.05,4.07,80.00,19.40,24.31,Mon Jan  1 00:01:02 2024
4.10,4.04,4.06,4.03,4.05,4.07,76.00,19.40,24.30,Mon Jan  1 00:01:03 2024
4.10,4.04,4.06,4.04,4.04,4.06,76.00,19.40,24.30,Mon Jan  1 00:01:05 2024
4.10,4.04,4.06,4.04,4.04,4.05,116.00,19.40,24.15,Mon Jan  1 00:01:06 2024
4.09,4.04,4.06,4.03,4.04,4.07,80.00,19.40,24.31,Mon Jan  1 00:01:08 2024
4.09,4.04,4.06,4.04,4.04,4.07,76.00,19.40,24.31,Mon Jan  1 00:01:09 2024
4.09,4.04,4.06,4.02,4.05,4.07,76.00,19.40,24.31,Mon Jan  1 00:01:11 2024
4.09,4.03,4.06,4.04,4.05,4.06,80.00,19.40,24.28,Mon Jan  1 00:01:12 2024
4.09,4.04,4.06,4.04,4.04,4.07,76.00,19.40,24.29,Mon Jan  1 00:01:14 2024
4.09,4.02,4.06,4.04,4.04,4.07,76.00,19.40,24.28,Mon Jan  1 00:01:15 2024
4.09,4.04,4.07,4.02,4.04,4.07,76.00,19.40,24.30,Mon Jan  1 00:01:17 2024
4.09,4.04,4.06,4.04,4.04,4.06,76.00,19.40,24.28,Mon Jan  1 00:01:18 2024
4.09,4.05,4.06,4.04,4.05,4.07,76.00,19.40,24.31,Mon Jan  1 00:01:20 2024
4.08,4.04,4.07,4.04,4.04,4.07,76.00,19.40,24.29,Mon Jan  1 00:01:21 2024
4.09,4.05,4.06,4.04,4.04,4.07,76.00,19.40,24.30,Mon Jan  1 00:01:23 2024
4.09,4.04,4.06,4.04,4.04,4.07,80.00,19.40,24.30,Mon Jan  1 00:01:24 2024
4.09,4.04,4.05,4.04,4.05,4.07,76.00,19.40,24.30,Mon Jan  1 00:01:26 2024
4.09,4.04,4.06,4.03,4.04,4.07,76.00,19.40,24.31,Mon Jan  1 00:01:27 2024
4.09,4.04,4.06,4.04,4.04,4.07,80.00,19.40,24.30,Mon Jan  1 00:01:29 2024
4.09,4.04,4.06,4.04,4.04,4.06,76.00,19.40,24.28,Mon Jan  1 00:01:30 2024
4.09,4.04,4.06,4.04,4.04,4.07,76.00,19.40,24.29,Mon Jan  1 00:01:32 2024
4.09,4.04,4.06,4.04,4.05,4.06,80.00,19.40,24.31,Mon Jan  1 00:01:33 2024
4.09,4.04,4.06,4.03,4.05,4.07,76.00,19.40,24.29,Mon Jan  1 00:01:35 2024
4.08,4.04,4.06,4.04,4.03,4.06,76.00,19.40,24.31,Mon Jan  1 00:01:36 2024
4.09,4.04,4.06,4.04,4.04,4.07,80.00,19.40,24.29,Mon Jan  1 00:01:38 2024
4.09,4.04,4.06,4.04,4.04,4.07,76.00,19.40,24.29,Mon Jan  1 00:01:39 2024
4.06,4.02,4.04,4.03,4.05,4.06,80.00,19.40,24.29,Mon Jan  1 00:01:41 2024
4.08,4.04,4.06,4.04,4.04,4.06,76.00,19.40,24.30,Mon Jan  1 00:01:42 2024
4.09,4.04,4.06,4.04,4.04,4.06,76.00,19.40,24.31,Mon Jan  1 00:01:44 2024
4.07,4.04,4.06,4.04,4.05,4.07,80.00,19.40,24.30,Mon Jan  1 00:01:45 2024
4.08,4.04,4.06,4.04,4.04,4.06,76.00,19.40,24.31,Mon Jan  1 00:01:47 2024
4.09,4.04,4.06,4.04,4.04,4.07,76.00,19.40,24.29,Mon Jan  1 00:01:48 2024
4.08,4.04,4.06,4.03,4.04,4.06,76.00,19.40,24.31,Mon Jan  1 00:01:50 2024
4.23,4.23,4.27,4.23,4.21,4.38,-3864.00,19.40,25.83,Mon Jan  1 00:01:51 2024
4.08,4.04,4.07,4.03,4.05,4.07,80.00,19.40,24.31,Mon Jan  1 00:01:53 2024
4.26,4.24,4.30,4.25,4.24,4.42,-4240.00,19.40,25.97,Mon Jan  1 00:01:54 2024
4.09,4.04,4.06,4.04,4.04,4.07,80.00,19.40,24.31,Mon Jan  1 00:01:56 2024
4.27,4.28,4.34,4.28,4.26,4.48,-4728.00,19.40,26.23,Mon Jan  1 00:01:57 2024
4.09,4.04,4.07,4.02,4.05,4.08,76.00,19.40,24.31,Mon Jan  1 00:01:59 2024
4.09,4.05,4.07,4.04,4.05,4.08,76.00,19.40,24.33,Mon Jan  1 00:02:00 2024
4.07,4.05,4.08,4.05,4.06,4.11,-1692.00,19.40,24.46,Mon Jan  1 00:02:02 2024
4.08,4.04,4.09,4.05,4.06,4.11,-1956.00,19.40,24.41,Mon Jan  1 00:02:03 2024
4.09,4.05,4.09,4.05,4.06,4.11,-1668.00,19.40,24.45,Mon Jan  1 00:02:05 2024
4.09,4.04,4.09,4.02,4.05,4.11,-1648.00,19.40,24.47,Mon Jan  1 00:02:06 2024
4.08,4.05,4.09,4.05,4.06,4.11,-1532.00,19.40,24.47,Mon Jan  1 00:02:08 2024
4.08,4.06,4.09,4.05,4.06,4.11,-1492.00,19.40,24.46,Mon Jan  1 00:02:09 2024
4.09,4.05,4.08,4.05,4.06,4.12,-1772.00,19.40,24.43,Mon Jan  1 00:02:11 2024
4.09,4.05,4.09,4.05,4.06,4.11,-1556.00,19.40,24.42,Mon Jan  1 00:02:12 2024
4.09,4.05,4.09,4.05,4.04,4.12,-1908.00,19.40,24.47,Mon Jan  1 00:02:14 2024
4.09,4.05,4.08,4.05,4.06,4.12,-1736.00,19.40,24.52,Mon Jan  1 00:02:15 2024
4.09,4.05,4.10,4.05,4.06,4.11,-1916.00,19.40,24.49,Mon Jan  1 00:02:17 2024
4.08,4.05,4.09,4.06,4.06,4.12,-1988.00,19.40,24.53,Mon Jan  1 00:02:18 2024
4.10,4.05,4.09,4.05,4.06,4.12,-1768.00,19.40,26.44,Mon Jan  1 00:02:20 2024
4.09,4.05,4.09,4.05,4.06,4.12,-1728.00,19.40,24.47,Mon Jan  1 00:02:21 2024
4.09,4.06,4.07,4.04,4.06,4.12,-1504.00,19.40,24.47,Mon Jan  1 00:02:23 2024
4.09,4.06,4.09,4.06,4.06,4.12,-1580.00,19.40,24.50,Mon Jan  1 00:02:24 2024
4.09,4.05,4.09,4.05,4.07,4.12,-1724.00,19.40,24.49,Mon Jan  1 00:02:26 2024
4.09,4.06,4.09,4.06,4.07,4.13,-1532.00,19.40,24.53,Mon Jan  1 00:02:27 2024
4.09,4.06,4.09,4.06,4.07,4.12,-1884.00,19.40,24.48,Mon Jan  1 00:02:29 2024
4.09,4.06,4.09,4.06,4.07,4.12,-1752.00,19.40,24.47,Mon Jan  1 00:02:30 2024
4.09,4.06,4.07,4.05,4.07,4.12,-1988.00,19.40,24.48,Mon Jan  1 00:02:32 2024
4.09,4.06,4.09,4.06,4.07,4.13,-1952.00,19.40,24.47,Mon Jan  1 00:02:33 2024
4.09,4.06,4.10,4.05,4.06,4.12,-1748.00,19.40,24.49,Mon Jan  1 00:02:35 2024
4.08,4.06,4.10,4.05,4.07,4.12,-1860.00,19.40,24.49,Mon Jan  1 00:02:36 2024
4.09,4.06,4.09,4.05,4.05,4.12,-1524.00,19.40,24.48,Mon Jan  1 00:02:38 2024
4.09,4.05,4.10,4.06,4.07,4.13,-1712.00,19.40,24.56,Mon Jan  1 00:02:39 2024
4.09,4.06,4.10,4.06,4.07,4.12,-1532.00,19.40,24.49,Mon Jan  1 00:02:41 2024
4.09,4.06,4.09,4.06,4.06,4.13,-1488.00,19.40,24.52,Mon Jan  1 00:02:42 2024
4.09,4.06,4.09,4.05,4.07,4.12,-1736.00,19.40,24.48,Mon Jan  1 00:02:44 2024
4.09,4.06,4.10,4.05,4.07,4.13,-1716.00,19.40,24.50,Mon Jan  1 00:02:45 2024
4.09,4.06,4.09,4.06,4.07,4.13,-1520.00,19.40,24.47,Mon Jan  1 00:02:47 2024
4.09,4.06,4.10,4.06,4.07,4.13,-1920.00,19.40,24.54,Mon Jan  1 00:02:48 2024
4.09,4.06,4.10,4.06,4.07,4.13,-1692.00,19.40,24.47,Mon Jan  1 00:02:50 2024
4.09,4.06,4.10,4.06,4.07,4.14,-1968.00,19.40,24.52,Mon Jan  1 00:02:51 2024
4.10,4.06,4.10,4.06,4.07,4.13,-1484.00,19.40,24.50,Mon Jan  1 00:02:53 2024
4.09,4.06,4.10,4.06,4.07,4.12,-1756.00,19.40,24.50,Mon Jan  1 00:02:54 2024
4.09,4.06,4.10,4.06,4.07,4.13,-1836.00,19.40,24.50,Mon Jan  1 00:02:56 2024
4.09,4.06,4.10,4.05,4.07,4.13,-1476.00,19.40,24.52,Mon Jan  1 00:02:57 2024
4.10,4.06,4.10,4.05,4.07,4.13,-1756.00,19.40,24.49,Mon Jan  1 00:02:59 2024
4.10,4.06,4.10,4.06,4.08,4.13,-1576.00,19.40,24.56,Mon Jan  1 00:03:00 2024
4.10,4.05,4.10,4.06,4.08,4.14,-1472.00,19.40,24.50,Mon Jan  1 00:03:02 2024
4.10,4.06,4.10,4.06,4.08,4.13,-1740.00,19.40,24.58,Mon Jan  1 00:03:03 2024
4.10,4.06,4.10,4.06,4.07,4.14,-1736.00,19.40,24.51,Mon Jan  1 00:03:05 2024
4.10,4.07,4.10,4.07,4.07,4.14,-1940.00,19.40,24.49,Mon Jan  1 00:03:06 2024
4.10,4.06,4.09,4.06,4.07,4.13,-1928.00,19.40,24.54,Mon Jan  1 00:03:08 2024
4.10,4.06,4.10,4.07,4.07,4.13,-1764.00,19.40,24.60,Mon Jan  1 00:03:09 2024
4.10,4.06,4.10,4.07,4.08,4.14,-1936.00,19.40,25.35,Mon Jan  1 00:03:11 2024
4.10,4.06,4.10,4.06,4.08,4.13,-1492.00,19.40,24.56,Mon Jan  1 00:03:12 2024
4.10,4.06,4.10,4.06,4.08,4.14,-1744.00,19.40,24.53,Mon Jan  1 00:03:14 2024
4.10,4.06,4.10,4.06,4.07,4.13,-1512.00,19.40,24.50,Mon Jan  1 00:03:15 2024
4.10,4.06,4.10,4.06,4.09,4.13,-1492.00,19.40,24.54,Mon Jan  1 00:03:17 2024
4.10,4.07,4.10,4.07,4.07,4.14,-1744.00,19.40,24.52,Mon Jan  1 00:03:18 2024
4.10,4.07,4.10,4.07,4.07,4.13,-1740.00,19.40,24.54,Mon Jan  1 00:03:20 2024
4.11,4.06,4.10,4.06,4.08,4.13,-1916.00,19.40,24.52,Mon Jan  1 00:03:21 2024
4.11,4.06,4.10,4.06,4.06,4.14,-1912.00,19.40,24.52,Mon Jan  1 00:03:23 2024
4.10,4.06,4.10,4.06,4.08,4.14,-1756.00,19.40,24.52,Mon Jan  1 00:03:24 2024
4.11,4.06,4.10,4.06,4.08,4.13,-1908.00,19.40,24.57,Mon Jan  1 00:03:26 2024
4.10,4.06,4.08,4.06,4.09,4.13,-1496.00,19.40,24.58,Mon Jan  1 00:03:27 2024
4.10,4.06,4.10,4.06,4.07,4.14,-1724.00,19.40,24.53,Mon Jan  1 00:03:29 2024
4.10,4.06,4.10,4.06,4.07,4.13,-1528.00,19.40,24.54,Mon Jan  1 00:03:30 2024
4.09,4.06,4.10,4.06,4.08,4.14,-1484.00,19.40,24.53,Mon Jan  1 00:03:32 2024
4.11,4.06,4.10,4.07,4.08,4.14,-1700.00,19.40,24.57,Mon Jan  1 00:03:33 2024
4.11,4.06,4.10,4.07,4.08,4.14,-1712.00,19.40,24.57,Mon Jan  1 00:03:35 2024
4.10,4.06,4.10,4.07,4.08,4.14,-1460.00,19.40,24.58,Mon Jan  1 00:03:36 2024
4.12,4.07,4.10,4.07,4.08,4.14,-1920.00,19.40,24.52,Mon Jan  1 00:03:38 2024
4.11,4.06,4.10,4.06,4.08,4.14,-1744.00,19.40,24.58,Mon Jan  1 00:03:39 2024
4.10,4.06,4.10,4.07,4.08,4.13,-1880.00,19.40,24.59,Mon Jan  1 00:03:41 2024
4.11,4.07,4.10,4.07,4.08,4.14,-1916.00,19.40,24.57,Mon Jan  1 00:03:42 2024
4.12,4.07,4.11,4.06,4.08,4.13,-1664.00,19.40,24.52,Mon Jan  1 00:03:44 2024
4.11,4.07,4.10,4.07,4.08,4.14,-1732.00,19.40,24.57,Mon Jan  1 00:03:45 2024
4.11,4.07,4.10,4.06,4.08,4.14,-1488.00,19.40,24.53,Mon Jan  1 00:03:47 2024
4.11,4.07,4.10,4.07,4.08,4.12,-1732.00,19.40,24.42,Mon Jan  1 00:03:48 2024
4.11,4.06,4.10,4.07,4.08,4.13,-1684.00,19.40,24.57,Mon Jan  1 00:03:50 2024
4.11,4.07,4.10,4.07,4.08,4.14,-1580.00,19.40,24.58,Mon Jan  1 00:03:51 2024
4.11,4.07,4.11,4.05,4.08,4.14,-1916.00,19.40,24.52,Mon Jan  1 00:03:53 2024
4.11,4.07,4.11,4.07,4.08,4.14,-1832.00,19.40,24.60,Mon Jan  1 00:03:54 2024
4.11,4.07,4.10,4.07,4.08,4.14,-1732.00,19.40,24.53,Mon Jan  1 00:03:56 2024
4.11,4.85,4.10,4.06,4.08,4.15,-1912.00,19.40,24.54,Mon Jan  1 00:03:57 2024
4.11,4.06,4.09,4.05,4.08,4.10,80.00,19.40,24.44,Mon Jan  1 00:03:59 2024
4.11,4.07,4.10,4.07,4.07,4.14,-1712.00,19.40,24.57,Mon Jan  1 00:04:00 2024
4.11,4.07,4.10,4.07,4.08,4.14,-1524.00,19.40,24.52,Mon Jan  1 00:04:02 2024
4.12,4.07,4.11,4.06,4.08,4.14,-1472.00,19.40,24.53,Mon Jan  1 00:04:03 2024
4.12,4.07,4.10,4.07,4.07,4.14,-1744.00,19.40,24.57,Mon Jan  1 00:04:05 2024
4.11,4.07,4.10,4.07,4.08,4.14,-1708.00,19.40,24.52,Mon Jan  1 00:04:06 2024
4.12,4.07,4.10,4.07,4.08,4.14,-1924.00,19.40,24.58,Mon Jan  1 00:04:08 2024
4.11,4.07,4.10,4.07,4.08,4.15,-1932.00,19.40,24.62,Mon Jan  1 00:04:09 2024
4.11,4.07,4.11,4.07,4.08,4.14,-1716.00,19.40,24.60,Mon Jan  1 00:04:11 2024
4.11,4.07,4.11,4.07,4.09,4.14,-1732.00,19.40,24.59,Mon Jan  1 00:04:12 2024
4.12,4.07,4.11,4.07,4.08,4.14,-1488.00,19.40,24.58,Mon Jan  1 00:04:14 2024
4.12,4.08,4.10,4.07,4.08,4.14,-1492.00,19.40,24.61,Mon Jan  1 00:04:15 2024
4.12,4.07,4.10,4.07,4.08,4.14,-1720.00,19.40,24.57,Mon Jan  1 00:04:17 2024
4.12,4.07,4.29,4.07,4.06,4.14,-1492.00,19.40,24.58,Mon Jan  1 00:04:18 2024
4.12,4.07,4.09,4.08,4.07,4.11,80.00,19.40,24.47,Mon Jan  1 00:04:20 2024
4.11,4.07,4.10,4.07,4.09,4.14,-1760.00,19.40,24.52,Mon Jan  1 00:04:21 2024
4.10,4.06,4.11,4.07,4.09,4.14,-1704.00,19.40,24.57,Mon Jan  1 00:04:23 2024
4.12,4.07,4.10,4.08,4.07,4.14,-1896.00,19.40,24.62,Mon Jan  1 00:04:24 2024
4.12,4.07,4.11,4.07,4.09,4.14,-1496.00,19.40,24.60,Mon Jan  1 00:04:26 2024
4.12,4.07,4.10,4.07,4.09,4.14,-1728.00,19.40,24.57,Mon Jan  1 00:04:27 2024
4.11,4.07,4.10,4.07,4.08,4.14,-1744.00,19.40,24.61,Mon Jan  1 00:04:29 2024
4.12,4.07,4.10,4.06,4.09,4.14,-1448.00,19.40,24.63,Mon Jan  1 00:04:30 2024
4.12,4.07,4.11,4.07,4.09,4.14,-1460.00,19.40,24.57,Mon Jan  1 00:04:32 2024
4.12,4.07,4.11,4.07,4.08,4.15,-1668.00,19.40,24.60,Mon Jan  1 00:04:33 2024
4.13,4.07,4.11,4.07,4.08,4.15,-1544.00,19.40,24.59,Mon Jan  1 00:04:35 2024
4.12,4.07,4.11,4.07,4.08,4.15,-1928.00,19.40,24.62,Mon Jan  1 00:04:36 2024
4.12,4.07,4.10,4.07,4.08,4.15,-1832.00,19.40,24.58,Mon Jan  1 00:04:38 2024
4.13,4.07,4.11,4.07,4.08,4.14,-1664.00,19.40,24.63,Mon Jan  1 00:04:39 2024
4.12,4.07,4.11,4.07,4.09,4.15,-1904.00,19.40,24.54,Mon Jan  1 00:04:41 2024
4.12,4.08,4.10,4.08,4.08,4.14,-1460.00,19.40,24.62,Mon Jan  1 00:04:42 2024
4.12,4.07,4.11,4.06,4.08,4.15,-1708.00,19.40,24.54,Mon Jan  1 00:04:44 2024
4.12,4.07,4.11,4.07,4.09,4.14,-1504.00,19.40,24.61,Mon Jan  1 00:04:45 2024
4.12,4.08,4.10,4.07,4.09,4.15,-1488.00,19.40,24.54,Mon Jan  1 00:04:47 2024
4.13,4.06,4.11,4.07,4.09,4.15,-1760.00,19.40,24.63,Mon Jan  1 00:04:48 2024
4.12,4.07,4.10,4.08,4.09,4.14,-1688.00,19.40,24.57,Mon Jan  1 00:04:50 2024
4.12,4.07,4.11,4.08,4.08,4.15,-1928.00,19.40,24.63,Mon Jan  1 00:04:51 2024
4.13,4.07,4.11,4.07,4.09,4.15,-1948.00,19.40,24.58,Mon Jan  1 00:04:53 2024
4.12,4.07,4.11,4.07,4.08,4.14,-1716.00,19.40,24.63,Mon Jan  1 00:04:54 2024
4.13,4.07,4.11,4.08,4.08,4.15,-1716.00,19.40,24.61,Mon Jan  1 00:04:56 2024
4.12,4.08,4.11,4.07,4.08,4.15,-1476.00,19.40,24.63,Mon Jan  1 00:04:57 2024
4.13,4.07,4.11,4.05,4.09,4.15,-1472.00,19.40,24.58,Mon Jan  1 00:04:59 2024
4.13,4.07,4.11,4.07,4.09,4.15,-1720.00,19.40,24.63,Mon Jan  1 00:05:00 2024
4.13,4.07,4.11,4.08,4.08,4.15,-1712.00,19.40,26.51,Mon Jan  1 00:05:02 2024
4.13,4.07,4.11,4.07,4.09,4.14,-1496.00,19.40,24.62,Mon Jan  1 00:05:03 2024
4.13,4.08,4.10,4.07,4.09,4.15,-1908.00,19.40,24.62,Mon Jan  1 00:05:05 2024
4.13,4.07,4.11,4.08,4.08,4.15,-1668.00,19.40,24.61,Mon Jan  1 00:05:06 2024
4.13,4.07,4.11,4.07,4.08,4.15,-1840.00,19.40,24.63,Mon Jan  1 00:05:08 2024
4.13,4.08,4.11,4.07,4.08,4.15,-1932.00,19.40,24.63,Mon Jan  1 00:05:09 2024
4.13,4.07,4.11,4.08,4.08,4.15,-1468.00,19.40,24.62,Mon Jan  1 00:05:11 2024
4.13,4.07,4.11,4.07,4.09,4.14,-1704.00,19.40,24.58,Mon Jan  1 00:05:12 2024
4.13,4.08,4.09,4.07,4.09,4.15,-1492.00,19.40,24.61,Mon Jan  1 00:05:14 2024
4.14,4.07,4.11,4.07,4.08,4.15,-1428.00,19.40,24.63,Mon Jan  1 00:05:15 2024
4.13,4.07,4.11,4.07,4.09,4.15,-1800.00,19.40,24.61,Mon Jan  1 00:05:17 2024
4.12,4.08,4.11,4.06,4.08,4.15,-1712.00,19.40,24.64,Mon Jan  1 00:05:18 2024
4.13,4.08,4.11,4.08,4.09,4.16,-1876.00,19.40,24.63,Mon Jan  1 00:05:20 2024
4.13,4.08,4.11,4.07,4.09,4.15,-1864.00,19.40,24.59,Mon Jan  1 00:05:21 2024
4.13,4.07,4.11,4.07,4.09,4.15,-1676.00,19.40,24.63,Mon Jan  1 00:05:23 2024
4.13,4.08,4.11,4.08,4.09,4.15,-1732.00,19.40,24.61,Mon Jan  1 00:05:24 2024
4.13,4.07,4.11,4.08,4.09,4.15,-1452.00,19.40,24.63,Mon Jan  1 00:05:26 2024
4.14,4.07,4.11,4.07,4.09,4.15,-1496.00,19.40,24.63,Mon Jan  1 00:05:27 2024
4.15,4.08,4.10,4.08,4.09,4.15,-1716.00,19.40,24.63,Mon Jan  1 00:05:29 2024
4.14,4.08,4.11,4.08,4.09,4.15,-1648.00,19.40,24.63,Mon Jan  1 00:05:30 2024
4.14,4.07,4.11,4.08,4.09,4.15,-1892.00,19.40,24.63,Mon Jan  1 00:05:32 2024
4.14,4.07,4.11,4.07,4.08,4.15,-1872.00,19.40,24.63,Mon Jan  1 00:05:33 2024
4.13,4.07,4.11,4.07,4.09,4.13,-1652.00,19.40,24.63,Mon Jan  1 00:05:35 2024
4.13,4.08,4.12,4.07,4.09,4.15,-1716.00,19.40,24.63,Mon Jan  1 00:05:36 2024
4.14,4.08,4.11,4.07,4.09,4.15,-1456.00,19.40,24.64,Mon Jan  1 00:05:38 2024
4.14,4.07,4.12,4.05,4.09,4.15,-1456.00,19.40,24.63,Mon Jan  1 00:05:39 2024
4.14,4.07,4.11,4.08,4.09,4.15,-1704.00,19.40,24.63,Mon Jan  1 00:05:41 2024
4.14,4.08,4.11,4.08,4.09,4.15,-1636.00,19.40,24.65,Mon Jan  1 00:05:42 2024
4.13,4.06,4.11,4.08,4.08,4.15,-1476.00,19.40,24.58,Mon Jan  1 00:05:44 2024
4.13,4.08,4.11,4.07,4.09,4.15,-1872.00,19.40,24.63,Mon Jan  1 00:05:45 2024
4.14,4.08,4.11,4.08,4.09,4.15,-1672.00,19.40,24.63,Mon Jan  1 00:05:47 2024
4.13,4.07,4.11,4.08,4.08,4.15,-1748.00,19.40,24.63,Mon Jan  1 00:05:48 2024
4.14,4.08,4.11,4.07,4.09,4.15,-1916.00,19.40,24.63,Mon Jan  1 00:05:50 2024
4.13,4.08,4.11,4.08,4.09,4.16,-1468.00,19.40,24.63,Mon Jan  1 00:05:51 2024
4.13,4.08,4.11,4.08,4.09,4.15,-1700.00,19.40,24.50,Mon Jan  1 00:05:53 2024
4.14,4.08,4.11,4.07,4.09,4.15,-1608.00,19.40,24.62,Mon Jan  1 00:05:54 2024
4.15,4.07,4.11,4.09,4.09,4.15,-1456.00,19.40,24.63,Mon Jan  1 00:05:56 2024
4.14,4.08,4.12,4.08,4.09,4.15,-1868.00,19.40,24.61,Mon Jan  1 00:05:57 2024
4.13,4.08,4.11,4.06,4.09,4.15,-1680.00,19.40,24.62,Mon Jan  1 00:05:59 2024
4.15,4.08,4.11,4.08,4.09,4.15,-1832.00,19.40,24.64,Mon Jan  1 00:06:00 2024
4.14,4.08,4.11,4.08,4.09,4.16,-1940.00,19.40,24.63,Mon Jan  1 00:06:02 2024
4.14,4.08,4.11,4.07,4.09,4.15,-1460.00,19.40,24.64,Mon Jan  1 00:06:03 2024
4.14,4.08,4.11,4.08,4.07,4.16,-1680.00,19.40,24.63,Mon Jan  1 00:06:05 2024
4.14,4.08,4.11,4.08,4.09,4.15,-1572.00,19.40,24.63,Mon Jan  1 00:06:06 2024
4.14,4.08,4.11,4.08,4.09,4.15,-1464.00,19.40,24.63,Mon Jan  1 00:06:08 2024
5.22,4.08,4.10,4.07,4.09,4.15,-1872.00,19.40,24.63,Mon Jan  1 00:06:09 2024
4.15,4.08,4.09,4.08,4.08,4.12,80.00,19.40,24.47,Mon Jan  1 00:06:11 2024
4.14,4.08,4.11,4.08,4.09,4.15,-1768.00,19.40,24.63,Mon Jan  1 00:06:12 2024
4.14,4.08,4.11,4.08,4.09,4.15,-1908.00,19.40,24.62,Mon Jan  1 00:06:14 2024
4.14,4.08,4.11,4.08,4.08,4.15,-1468.00,19.40,24.61,Mon Jan  1 00:06:15 2024
4.14,4.08,4.11,4.07,4.08,4.16,-1724.00,19.40,24.63,Mon Jan  1 00:06:17 2024
4.14,4.07,4.12,4.07,4.09,4.15,-1608.00,19.40,24.65,Mon Jan  1 00:06:18 2024
4.14,4.08,4.11,4.08,4.09,4.16,-1416.00,19.40,24.64,Mon Jan  1 00:06:20 2024
4.14,4.07,4.11,4.08,4.09,4.15,-1840.00,19.40,24.63,Mon Jan  1 00:06:21 2024
4.15,4.08,4.12,4.08,4.09,4.15,-1708.00,19.40,24.64,Mon Jan  1 00:06:23 2024
4.14,4.08,4.11,4.08,4.09,4.15,-1672.00,19.40,24.63,Mon Jan  1 00:06:24 2024
4.14,4.08,4.11,4.08,4.09,4.15,-1852.00,19.40,24.63,Mon Jan  1 00:06:26 2024
4.15,4.08,4.12,4.07,4.09,4.15,-1928.00,19.40,24.63,Mon Jan  1 00:06:27 2024
4.14,4.08,4.11,4.07,4.09,4.16,-1688.00,19.40,24.63,Mon Jan  1 00:06:29 2024
4.15,4.08,4.12,4.08,4.09,4.13,-1560.00,19.40,24.47,Mon Jan  1 00:06:30 2024
4.14,4.08,4.12,4.08,4.09,4.15,-1440.00,19.40,24.63,Mon Jan  1 00:06:32 2024
4.14,4.08,4.11,4.08,4.09,4.16,-1456.00,19.40,24.63,Mon Jan  1 00:06:33 2024
4.15,4.06,4.11,4.08,4.09,4.15,-1644.00,19.40,24.60,Mon Jan  1 00:06:35 2024
4.15,4.08,4.11,4.07,4.09,4.15,-1668.00,19.40,24.63,Mon Jan  1 00:06:36 2024
4.14,4.08,4.11,4.08,4.09,4.15,-1908.00,19.40,24.64,Mon Jan  1 00:06:38 2024
4.14,4.08,4.11,4.07,4.09,4.15,-1932.00,19.40,24.63,Mon Jan  1 00:06:39 2024
4.15,4.08,4.11,4.08,4.09,4.15,-1708.00,19.40,24.63,Mon Jan  1 00:06:41 2024
4.15,4.08,4.11,4.08,4.09,4.16,-1676.00,19.40,24.63,Mon Jan  1 00:06:42 2024
4.14,4.08,4.11,4.09,4.09,4.15,-1444.00,19.40,26.57,Mon Jan  1 00:06:44 2024
4.14,4.08,4.12,4.08,4.09,4.15,-1452.00,19.40,24.63,Mon Jan  1 00:06:45 2024
4.15,4.08,4.11,4.08,4.09,4.15,-1700.00,19.40,24.63,Mon Jan  1 00:06:47 2024
4.15,4.08,4.11,4.08,4.09,4.16,-1664.00,19.40,24.65,Mon Jan  1 00:06:48 2024
4.15,4.08,4.11,4.08,4.09,4.15,-1872.00,19.40,24.66,Mon Jan  1 00:06:50 2024
4.15,4.08,4.11,4.07,4.09,4.16,-1872.00,19.40,24.63,Mon Jan  1 00:06:51 2024
4.14,4.07,4.11,4.08,4.09,4.16,-1704.00,19.40,24.64,Mon Jan  1 00:06:53 2024
4.14,4.08,4.11,4.08,4.09,4.16,-1652.00,19.40,24.63,Mon Jan  1 00:06:54 2024
4.15,4.08,4.11,4.08,4.06,4.15,-1440.00,19.40,24.68,Mon Jan  1 00:06:56 2024
4.14,4.08,4.11,4.08,4.09,4.16,-1472.00,19.40,24.68,Mon Jan  1 00:06:57 2024
4.15,4.08,4.12,4.05,4.09,4.16,-1672.00,19.40,24.62,Mon Jan  1 00:06:59 2024
4.15,4.08,4.10,4.08,4.09,4.15,-1668.00,19.40,24.63,Mon Jan  1 00:07:00 2024
4.15,4.08,4.12,4.08,4.09,4.16,-1508.00,19.40,24.63,Mon Jan  1 00:07:02 2024
4.15,4.08,4.12,4.08,4.09,4.16,-1892.00,19.40,24.68,Mon Jan  1 00:07:03 2024
4.13,4.08,4.12,4.07,4.09,4.16,-1800.00,19.40,24.65,Mon Jan  1 00:07:05 2024
4.14,4.08,4.12,4.07,4.09,4.16,-1692.00,19.40,24.63,Mon Jan  1 00:07:06 2024
4.15,4.08,4.11,4.07,4.09,4.15,-1840.00,19.40,24.65,Mon Jan  1 00:07:08 2024
4.15,4.08,4.12,4.08,4.09,4.15,-1456.00,19.40,24.66,Mon Jan  1 00:07:09 2024
4.15,4.08,4.11,4.08,4.09,4.16,-1512.00,19.40,24.67,Mon Jan  1 00:07:11 2024
4.15,4.09,4.11,4.08,4.09,4.16,-1660.00,19.40,24.68,Mon Jan  1 00:07:12 2024
4.16,4.09,4.12,4.08,4.09,4.16,-1464.00,19.40,24.64,Mon Jan  1 00:07:14 2024
4.15,4.09,4.11,4.08,4.09,4.16,-1868.00,19.40,24.64,Mon Jan  1 00:07:15 2024
4.15,4.08,4.11,4.08,4.09,4.16,-1752.00,19.40,24.66,Mon Jan  1 00:07:17 2024
4.15,4.08,4.11,4.08,4.09,4.16,-1716.00,19.40,24.68,Mon Jan  1 00:07:18 2024
4.15,4.10,4.11,4.08,4.09,4.16,-1876.00,19.40,24.64,Mon Jan  1 00:07:20 2024
4.15,4.08,4.11,4.08,4.09,4.13,-1408.00,19.40,24.54,Mon Jan  1 00:07:21 2024
4.15,4.09,4.12,4.09,4.09,4.16,-1552.00,19.40,24.68,Mon Jan  1 00:07:23 2024
4.15,4.09,4.11,4.09,4.09,4.16,-1696.00,19.40,24.66,Mon Jan  1 00:07:24 2024
4.15,4.09,4.11,4.06,4.09,4.16,-1504.00,19.40,24.64,Mon Jan  1 00:07:26 2024
4.16,4.09,4.12,4.08,4.09,4.16,-1912.00,19.40,24.65,Mon Jan  1 00:07:27 2024
4.15,4.08,4.11,4.08,4.09,4.16,-1840.00,19.40,24.66,Mon Jan  1 00:07:29 2024
4.15,4.07,4.12,4.08,4.09,4.16,-1684.00,19.40,24.66,Mon Jan  1 00:07:30 2024
4.15,4.08,4.12,4.08,4.09,4.16,-1868.00,19.40,24.66,Mon Jan  1 00:07:32 2024
4.15,4.08,4.11,4.09,4.09,4.16,-1476.00,19.40,24.68,Mon Jan  1 00:07:33 2024
4.15,4.09,4.12,4.08,4.09,4.16,-1460.00,19.40,24.68,Mon Jan  1 00:07:35 2024
4.15,4.08,4.12,4.07,4.09,4.16,-1688.00,19.40,24.69,Mon Jan  1 00:07:36 2024
4.15,4.09,4.11,4.08,4.09,4.16,-1544.00,19.40,24.73,Mon Jan  1 00:07:38 2024
4.15,4.08,4.12,4.08,4.09,4.17,-1472.00,19.40,24.64,Mon Jan  1 00:07:39 2024
4.14,4.09,4.12,4.08,4.10,4.16,-1944.00,19.40,24.64,Mon Jan  1 00:07:41 2024
4.16,4.09,4.11,4.09,4.09,4.16,-1696.00,19.40,24.64,Mon Jan  1 00:07:42 2024
4.15,4.08,4.11,4.08,4.09,4.16,-1804.00,19.40,24.64,Mon Jan  1 00:07:44 2024
4.15,4.08,4.12,4.08,4.09,4.16,-1900.00,19.40,24.66,Mon Jan  1 00:07:45 2024
4.15,4.09,4.12,4.08,4.09,4.16,-1500.00,19.40,24.68,Mon Jan  1 00:07:47 2024
4.16,4.09,4.12,4.08,4.09,4.16,-1732.00,19.40,24.70,Mon Jan  1 00:07:48 2024
4.15,4.09,4.12,4.08,4.09,4.16,-1676.00,19.40,24.64,Mon Jan  1 00:07:50 2024
4.16,4.09,4.12,4.08,4.07,4.16,-1468.00,19.40,24.67,Mon Jan  1 00:07:51 2024
4.16,4.09,4.12,4.09,4.09,4.16,-1932.00,19.40,24.69,Mon Jan  1 00:07:53 2024
4.15,4.08,4.12,4.08,4.09,4.16,-1776.00,19.40,24.68,Mon Jan  1 00:07:54 2024
4.15,4.09,4.10,4.08,4.09,4.16,-1716.00,19.40,24.70,Mon Jan  1 00:07:56 2024
4.15,4.09,4.12,4.08,4.09,4.16,-1896.00,19.40,24.66,Mon Jan  1 00:07:57 2024
4.15,4.08,4.12,4.07,4.10,4.16,-1468.00,19.40,24.70,Mon Jan  1 00:07:59 2024
4.13,4.08,4.12,4.08,4.10,4.16,-1596.00,19.40,24.70,Mon Jan  1 00:08:00 2024
4.16,4.08,4.12,4.09,4.09,4.16,-1680.00,19.40,24.68,Mon Jan  1 00:08:02 2024
4.15,4.09,4.12,4.08,4.09,4.16,-1504.00,19.40,24.69,Mon Jan  1 00:08:03 2024
4.16,4.08,4.12,4.08,4.09,4.16,-1944.00,19.40,24.63,Mon Jan  1 00:08:05 2024
4.16,4.09,4.12,4.08,4.09,4.16,-1896.00,19.40,24.65,Mon Jan  1 00:08:06 2024
4.16,4.08,4.12,4.08,4.09,4.16,-1700.00,19.40,24.68,Mon Jan  1 00:08:08 2024
4.16,4.08,4.12,4.08,4.09,4.16,-1808.00,19.40,24.64,Mon Jan  1 00:08:09 2024
4.15,4.09,4.12,4.09,4.09,4.16,-1492.00,19.40,24.66,Mon Jan  1 00:08:11 2024
4.15,4.08,4.12,4.07,4.09,4.16,-1396.00,19.40,24.70,Mon Jan  1 00:08:12 2024
4.16,4.09,4.12,4.08,4.09,4.16,-1724.00,19.40,24.69,Mon Jan  1 00:08:14 2024
4.15,4.09,4.12,4.08,4.09,4.16,-1648.00,19.40,24.70,Mon Jan  1 00:08:15 2024
4.16,4.08,4.12,4.08,4.09,4.14,-1452.00,19.40,24.66,Mon Jan  1 00:08:17 2024
4.15,4.09,4.12,4.08,4.10,4.16,-1892.00,19.40,24.65,Mon Jan  1 00:08:18 2024
4.16,4.09,4.12,4.08,4.09,4.16,-1744.00,19.40,24.69,Mon Jan  1 00:08:20 2024
4.16,4.09,4.12,4.07,4.09,4.16,-1716.00,19.40,24.69,Mon Jan  1 00:08:21 2024
4.15,4.08,4.13,4.08,4.09,4.16,-1920.00,19.40,24.65,Mon Jan  1 00:08:23 2024
4.16,4.09,4.12,4.08,4.09,4.17,-1488.00,19.40,24.68,Mon Jan  1 00:08:24 2024
4.16,4.09,4.12,4.07,4.09,4.17,-1636.00,19.40,24.68,Mon Jan  1 00:08:26 2024
4.16,4.09,4.12,4.08,4.09,4.16,-1668.00,19.40,24.64,Mon Jan  1 00:08:27 2024
4.16,4.09,4.12,4.08,4.09,4.16,-1512.00,19.40,24.67,Mon Jan  1 00:08:29 2024
4.16,4.08,4.12,4.08,4.09,4.16,-1884.00,19.40,24.66,Mon Jan  1 00:08:30 2024
4.16,4.09,4.13,4.07,4.09,4.16,-1856.00,19.40,24.70,Mon Jan  1 00:08:32 2024
4.16,4.09,4.12,4.10,4.09,4.16,-1672.00,19.40,24.67,Mon Jan  1 00:08:33 2024
4.15,4.09,4.13,4.08,4.09,4.16,-1860.00,19.40,26.64,Mon Jan  1 00:08:35 2024
4.16,4.08,4.12,4.08,4.09,4.13,-1460.00,19.40,24.66,Mon Jan  1 00:08:36 2024
4.16,4.08,4.12,4.07,4.09,4.17,-1488.00,19.40,24.69,Mon Jan  1 00:08:38 2024
4.16,4.09,4.12,4.08,4.09,4.17,-1716.00,19.40,24.72,Mon Jan  1 00:08:39 2024
4.16,4.08,4.13,4.09,4.10,4.17,-1660.00,19.40,24.72,Mon Jan  1 00:08:41 2024
4.16,4.09,4.12,4.09,4.10,4.16,-1928.00,19.40,24.66,Mon Jan  1 00:08:42 2024
4.16,4.08,4.12,4.09,4.09,4.17,-1936.00,19.50,24.70,Mon Jan  1 00:08:44 2024
4.17,4.09,4.13,4.08,4.10,4.16,-1720.00,19.50,24.68,Mon Jan  1 00:08:45 2024
4.16,4.09,4.11,4.09,4.10,4.17,-1720.00,19.60,24.68,Mon Jan  1 00:08:47 2024
4.15,4.09,4.12,4.09,4.09,4.17,-1488.00,19.60,24.70,Mon Jan  1 00:08:48 2024
4.16,4.09,4.13,4.08,4.09,4.17,-1476.00,19.70,24.72,Mon Jan  1 00:08:50 2024
4.14,4.09,4.13,4.08,4.10,4.17,-1712.00,19.70,24.72,Mon Jan  1 00:08:51 2024
4.16,4.09,4.12,4.09,4.09,4.17,-1664.00,19.80,24.69,Mon Jan  1 00:08:53 2024
4.16,4.08,4.13,4.08,4.09,4.17,-1568.00,19.80,24.69,Mon Jan  1 00:08:54 2024
4.16,4.09,4.12,4.08,4.09,4.17,-1896.00,19.80,24.68,Mon Jan  1 00:08:56 2024
4.16,4.10,4.12,4.08,4.09,4.17,-1904.00,19.80,24.65,Mon Jan  1 00:08:57 2024
4.16,4.10,4.13,4.07,4.09,4.16,-1672.00,19.80,24.68,Mon Jan  1 00:08:59 2024
4.16,4.09,4.12,4.08,4.10,4.16,-1788.00,19.80,24.74,Mon Jan  1 00:09:00 2024
4.16,4.09,4.12,4.08,4.09,4.17,-1476.00,19.80,24.70,Mon Jan  1 00:09:02 2024
4.16,4.09,4.12,4.08,4.10,4.16,-1428.00,19.80,24.68,Mon Jan  1 00:09:03 2024
4.16,4.09,4.13,4.08,4.09,4.16,-1688.00,19.80,24.74,Mon Jan  1 00:09:05 2024
4.16,4.10,4.13,4.08,4.09,4.17,-1684.00,19.80,24.73,Mon Jan  1 00:09:06 2024
4.16,4.09,4.13,4.08,4.09,4.17,-1864.00,19.80,24.69,Mon Jan  1 00:09:08 2024
4.16,4.09,4.12,4.08,4.10,4.17,-1908.00,19.80,24.69,Mon Jan  1 00:09:09 2024
4.17,4.09,4.12,4.09,4.09,4.17,-1704.00,19.80,24.68,Mon Jan  1 00:09:11 2024
4.16,4.08,4.13,4.07,4.09,4.17,-1708.00,19.80,24.72,Mon Jan  1 00:09:12 2024
4.16,4.09,4.12,4.09,4.10,4.16,-1472.00,19.80,24.67,Mon Jan  1 00:09:14 2024
4.16,4.10,4.12,4.09,4.10,4.17,-1468.00,19.80,24.73,Mon Jan  1 00:09:15 2024
4.16,4.08,4.13,4.08,4.09,4.17,-1700.00,19.80,24.66,Mon Jan  1 00:09:17 2024
4.16,4.09,4.13,4.08,4.10,4.16,-1696.00,19.80,24.69,Mon Jan  1 00:09:18 2024
4.16,4.09,4.13,4.09,4.09,4.16,-1892.00,19.80,24.69,Mon Jan  1 00:09:20 2024
4.16,4.09,4.12,4.09,4.09,4.17,-1900.00,19.80,24.70,Mon Jan  1 00:09:21 2024
4.16,4.09,4.13,4.08,4.09,4.16,-1580.00,19.80,24.69,Mon Jan  1 00:09:23 2024
4.17,4.10,4.12,4.08,4.09,4.17,-1688.00,19.80,24.72,Mon Jan  1 00:09:24 2024
4.17,4.09,4.12,4.09,4.09,4.17,-1524.00,19.80,25.88,Mon Jan  1 00:09:26 2024
4.16,4.09,4.12,4.08,4.10,4.16,-1464.00,19.80,24.75,Mon Jan  1 00:09:27 2024
4.17,4.09,4.12,4.09,4.09,4.17,-1880.00,19.80,24.67,Mon Jan  1 00:09:29 2024
4.17,4.09,4.13,4.08,4.10,4.16,-1688.00,19.80,24.68,Mon Jan  1 00:09:30 2024
4.17,4.09,4.13,4.07,4.10,4.17,-1660.00,19.80,24.70,Mon Jan  1 00:09:32 2024
4.16,4.10,4.12,4.09,4.10,4.17,-1932.00,19.80,24.73,Mon Jan  1 00:09:33 2024
4.17,4.10,4.12,4.09,4.09,4.17,-1888.00,19.80,24.72,Mon Jan  1 00:09:35 2024
4.16,4.09,4.12,4.09,4.09,4.17,-1548.00,19.80,24.77,Mon Jan  1 00:09:36 2024
4.16,4.10,4.13,4.08,4.08,4.16,-1684.00,19.80,24.70,Mon Jan  1 00:09:38 2024
4.16,4.09,4.13,4.09,4.09,4.17,-1500.00,19.80,24.74,Mon Jan  1 00:09:39 2024
4.16,4.09,4.13,4.08,4.10,4.17,-1460.00,19.80,24.68,Mon Jan  1 00:09:41 2024
4.16,4.09,4.11,4.08,4.10,4.17,-1856.00,19.80,24.70,Mon Jan  1 00:09:42 2024
4.16,4.09,4.12,4.08,4.09,4.17,-1664.00,19.80,24.72,Mon Jan  1 00:09:44 2024
4.17,4.09,4.13,4.09,4.10,4.17,-1744.00,19.80,24.73,Mon Jan  1 00:09:45 2024
4.15,4.09,4.13,4.08,4.10,4.16,-1864.00,19.80,24.70,Mon Jan  1 00:09:47 2024
4.17,4.09,4.12,4.09,4.09,4.17,-1448.00,19.80,24.75,Mon Jan  1 00:09:48 2024
4.16,4.09,4.13,4.08,4.09,4.17,-1500.00,19.80,24.72,Mon Jan  1 00:09:50 2024
4.16,4.09,4.13,4.09,4.09,4.16,-1712.00,19.80,24.72,Mon Jan  1 00:09:51 2024
4.17,4.10,4.13,4.08,4.10,4.17,-1548.00,19.80,24.76,Mon Jan  1 00:09:53 2024
4.17,4.09,4.12,4.09,4.10,4.17,-1888.00,19.80,24.73,Mon Jan  1 00:09:54 2024
4.17,4.09,4.13,4.09,4.09,4.17,-1872.00,19.80,24.73,Mon Jan  1 00:09:56 2024
4.17,4.09,4.12,4.09,4.09,4.17,-1724.00,19.80,24.74,Mon Jan  1 00:09:57 2024
4.16,4.09,4.13,4.07,4.10,4.17,-1704.00,19.80,24.74,Mon Jan  1 00:09:59 2024
4.16,4.09,4.13,4.08,4.09,4.17,-1476.00,19.80,24.70,Mon Jan  1 00:10:00 2024
4.16,4.09,4.12,4.08,4.10,4.17,-1444.00,19.80,24.72,Mon Jan  1 00:10:02 2024
4.17,4.09,4.13,4.08,4.11,4.16,-1632.00,19.80,24.60,Mon Jan  1 00:10:03 2024
4.17,4.10,4.13,4.08,4.10,4.16,-1712.00,19.80,24.72,Mon Jan  1 00:10:05 2024
4.17,4.09,4.13,4.09,4.09,4.17,-1496.00,19.80,24.74,Mon Jan  1 00:10:06 2024
4.17,4.10,4.13,4.06,4.10,4.17,-1928.00,19.80,24.70,Mon Jan  1 00:10:08 2024
4.17,4.09,4.13,4.08,4.10,4.16,-1868.00,19.80,24.74,Mon Jan  1 00:10:09 2024
4.17,4.10,4.12,4.09,4.09,4.17,-1700.00,19.80,24.72,Mon Jan  1 00:10:11 2024
4.17,4.07,4.13,4.09,4.09,4.17,-1740.00,19.80,24.73,Mon Jan  1 00:10:12 2024
4.17,4.08,4.13,4.09,4.10,4.17,-1448.00,19.80,24.69,Mon Jan  1 00:10:14 2024
4.16,4.10,4.13,4.09,4.09,4.17,-1444.00,19.80,24.75,Mon Jan  1 00:10:15 2024
4.17,4.10,4.13,4.09,4.10,4.17,-1716.00,19.80,24.68,Mon Jan  1 00:10:17 2024
4.17,4.10,4.12,4.09,4.10,4.17,-1668.00,19.80,24.74,Mon Jan  1 00:10:18 2024
4.17,4.10,4.13,4.08,4.10,4.17,-1864.00,19.80,24.75,Mon Jan  1 00:10:20 2024
4.17,4.10,4.12,4.09,4.10,4.17,-1892.00,19.80,24.73,Mon Jan  1 00:10:21 2024
4.17,4.10,4.13,4.08,4.10,4.17,-1692.00,19.80,24.74,Mon Jan  1 00:10:23 2024
4.17,4.10,4.13,4.08,4.09,4.17,-1700.00,19.80,24.74,Mon Jan  1 00:10:24 2024
4.17,4.09,4.12,4.09,4.10,4.17,-1452.00,19.80,24.74,Mon Jan  1 00:10:26 2024
4.17,4.09,4.13,4.08,4.10,4.17,-1428.00,19.80,24.75,Mon Jan  1 00:10:27 2024
4.17,4.10,4.13,4.09,4.10,4.15,-1788.00,19.80,24.68,Mon Jan  1 00:10:29 2024
4.17,4.10,4.13,4.09,4.10,4.17,-1656.00,19.80,24.79,Mon Jan  1 00:10:30 2024
4.17,4.10,4.13,4.07,4.10,4.16,-1796.00,19.80,24.75,Mon Jan  1 00:10:32 2024
4.17,4.10,4.42,4.09,4.08,4.16,-1876.00,19.80,24.81,Mon Jan  1 00:10:33 2024
4.18,4.10,4.11,4.08,4.09,4.13,80.00,19.80,24.63,Mon Jan  1 00:10:35 2024
4.17,4.09,4.13,4.08,4.10,4.17,-1664.00,19.80,24.73,Mon Jan  1 00:10:36 2024
4.15,4.09,4.13,4.08,4.10,4.17,-1668.00,19.80,24.76,Mon Jan  1 00:10:38 2024
4.17,4.10,4.13,4.09,4.09,4.17,-1460.00,19.80,24.74,Mon Jan  1 00:10:39 2024
4.17,4.10,4.13,4.08,4.10,4.17,-1880.00,19.80,24.72,Mon Jan  1 00:10:41 2024
4.17,4.10,4.13,4.08,4.10,4.17,-1896.00,19.80,24.78,Mon Jan  1 00:10:42 2024
4.17,4.10,4.12,4.09,4.10,4.17,-1656.00,19.80,24.77,Mon Jan  1 00:10:44 2024
4.17,4.10,4.13,4.09,4.10,4.17,-1696.00,19.80,24.77,Mon Jan  1 00:10:45 2024
4.17,4.10,4.13,4.09,4.11,4.17,-1932.00,19.80,24.77,Mon Jan  1 00:10:47 2024
4.18,4.10,4.13,4.10,4.09,4.17,-1488.00,19.80,24.74,Mon Jan  1 00:10:48 2024
4.17,4.09,4.13,4.08,4.10,4.17,-1564.00,19.80,24.78,Mon Jan  1 00:10:50 2024
4.17,4.10,4.13,4.08,4.09,4.17,-1648.00,19.80,24.74,Mon Jan  1 00:10:51 2024
4.17,4.10,4.13,4.09,4.10,4.18,-1480.00,19.80,24.76,Mon Jan  1 00:10:53 2024
4.17,4.10,4.12,4.09,4.10,4.17,-1832.00,19.80,24.76,Mon Jan  1 00:10:54 2024
4.17,4.10,4.13,4.09,4.10,4.17,-1840.00,19.80,24.76,Mon Jan  1 00:10:56 2024
4.18,4.09,4.13,4.09,4.09,4.17,-1688.00,19.80,24.77,Mon Jan  1 00:10:57 2024
4.17,4.09,4.13,4.07,4.10,4.17,-1700.00,19.80,24.63,Mon Jan  1 00:10:59 2024
4.17,4.09,4.13,4.08,4.10,4.17,-1472.00,19.80,24.75,Mon Jan  1 00:11:00 2024
4.17,4.10,4.12,4.09,4.10,4.17,-1436.00,19.80,24.76,Mon Jan  1 00:11:02 2024
4.17,4.08,4.12,4.09,4.09,4.17,-1640.00,19.80,24.75,Mon Jan  1 00:11:03 2024
4.17,4.09,4.13,4.09,4.10,4.17,-1620.00,19.80,24.74,Mon Jan  1 00:11:05 2024
4.16,4.10,4.13,4.09,4.10,4.17,-1836.00,19.80,24.77,Mon Jan  1 00:11:06 2024
4.17,4.10,4.13,4.09,4.09,4.17,-1920.00,19.80,24.58,Mon Jan  1 00:11:08 2024
4.17,4.10,4.13,4.08,4.10,4.17,-1460.00,19.80,24.75,Mon Jan  1 00:11:09 2024
4.17,4.10,4.13,4.09,4.10,4.17,-1708.00,19.80,24.77,Mon Jan  1 00:11:11 2024
4.17,4.09,4.13,4.09,4.09,4.18,-1564.00,19.80,24.76,Mon Jan  1 00:11:12 2024
4.18,4.09,4.13,4.10,4.10,4.17,-1444.00,19.80,24.79,Mon Jan  1 00:11:14 2024
4.17,4.10,4.13,4.09,4.10,4.17,-1472.00,19.80,24.78,Mon Jan  1 00:11:15 2024
4.18,4.10,4.13,4.09,4.09,4.17,-1776.00,19.80,26.51,Mon Jan  1 00:11:17 2024
4.17,4.10,4.14,4.08,4.09,4.17,-1696.00,19.80,24.77,Mon Jan  1 00:11:18 2024
4.17,4.10,4.13,4.09,4.08,4.17,-1832.00,19.80,24.60,Mon Jan  1 00:11:20 2024
4.16,4.10,4.13,4.09,4.10,4.18,-1896.00,19.80,24.78,Mon Jan  1 00:11:21 2024
4.17,4.10,4.13,4.09,4.10,4.17,-1448.00,19.80,24.75,Mon Jan  1 00:11:23 2024
4.16,4.10,4.13,4.09,4.09,4.17,-1652.00,19.80,24.74,Mon Jan  1 00:11:24 2024
4.17,4.10,4.13,4.10,4.09,4.18,-1676.00,19.80,24.75,Mon Jan  1 00:11:26 2024
4.17,4.10,4.13,4.08,4.10,4.17,-1488.00,19.80,24.79,Mon Jan  1 00:11:27 2024
4.18,4.10,4.12,4.10,4.09,4.17,-1900.00,19.80,24.77,Mon Jan  1 00:11:29 2024
4.17,4.11,4.13,4.09,4.10,4.18,-1880.00,19.80,24.76,Mon Jan  1 00:11:30 2024
4.17,4.09,4.13,4.09,4.11,4.16,-1636.00,19.80,24.63,Mon Jan  1 00:11:32 2024
4.16,4.10,4.13,4.09,4.11,4.17,-1744.00,19.80,24.75,Mon Jan  1 00:11:33 2024
4.17,4.10,4.13,4.09,4.09,4.17,-1472.00,19.80,24.73,Mon Jan  1 00:11:35 2024
4.18,4.10,4.13,4.09,4.10,4.17,-1816.00,19.80,24.76,Mon Jan  1 00:11:36 2024
4.17,4.10,4.13,4.09,4.10,4.17,-1612.00,19.80,24.75,Mon Jan  1 00:11:38 2024
4.17,4.10,4.13,4.09,4.10,4.18,-1632.00,19.80,24.79,Mon Jan  1 00:11:39 2024
4.17,4.10,4.13,4.08,4.11,4.17,-1912.00,19.80,24.76,Mon Jan  1 00:11:41 2024
4.18,4.10,4.13,4.09,4.10,4.17,-1820.00,19.80,24.81,Mon Jan  1 00:11:42 2024
4.16,4.10,4.13,4.09,4.08,4.17,-1576.00,19.80,24.63,Mon Jan  1 00:11:44 2024
4.17,4.10,4.13,4.09,4.10,4.17,-1684.00,19.80,24.76,Mon Jan  1 00:11:45 2024
4.18,4.09,4.13,4.09,4.10,4.17,-1408.00,19.80,24.75,Mon Jan  1 00:11:47 2024
4.16,4.10,4.13,4.09,4.10,4.18,-1408.00,19.80,24.78,Mon Jan  1 00:11:48 2024
4.17,4.10,4.13,4.10,4.10,4.16,-1856.00,19.80,24.72,Mon Jan  1 00:11:50 2024
4.18,4.10,4.13,4.09,4.10,4.17,-1712.00,19.80,24.77,Mon Jan  1 00:11:51 2024
4.18,4.10,4.13,4.09,4.10,4.18,-1656.00,19.80,24.77,Mon Jan  1 00:11:53 2024
4.17,4.10,4.13,4.07,4.10,4.18,-1896.00,19.80,24.80,Mon Jan  1 00:11:54 2024
4.17,4.10,4.13,4.09,4.11,4.16,-1776.00,19.80,24.64,Mon Jan  1 00:11:56 2024
4.17,4.10,4.13,4.09,4.10,4.17,-1468.00,19.80,24.81,Mon Jan  1 00:11:57 2024
4.18,4.08,4.13,4.08,4.09,4.18,-1688.00,19.80,24.70,Mon Jan  1 00:11:59 2024
4.17,4.10,4.13,4.10,4.10,4.17,-1472.00,19.80,24.78,Mon Jan  1 00:12:00 2024
4.18,4.10,4.13,4.09,4.10,4.18,-1468.00,19.80,24.80,Mon Jan  1 00:12:02 2024
4.17,4.10,4.13,4.10,4.10,4.18,-1884.00,19.80,24.75,Mon Jan  1 00:12:03 2024
4.17,4.10,4.14,4.10,4.10,4.18,-1684.00,19.80,24.78,Mon Jan  1 00:12:05 2024
4.18,4.10,4.13,4.09,4.10,4.18,-1676.00,19.80,24.79,Mon Jan  1 00:12:06 2024
4.18,4.10,4.13,4.09,4.10,4.18,-1848.00,19.80,24.66,Mon Jan  1 00:12:08 2024
4.17,4.10,4.13,4.09,4.11,4.17,-1452.00,19.80,24.75,Mon Jan  1 00:12:09 2024
4.18,4.10,4.13,4.09,4.09,4.18,-1456.00,19.80,24.77,Mon Jan  1 00:12:11 2024
4.18,4.10,4.13,4.09,4.10,4.18,-1672.00,19.80,24.79,Mon Jan  1 00:12:12 2024
4.18,4.10,4.14,4.09,4.10,4.18,-1628.00,19.80,24.80,Mon Jan  1 00:12:14 2024
4.18,4.10,4.13,4.10,4.10,4.17,-1892.00,19.80,24.80,Mon Jan  1 00:12:15 2024
4.17,4.11,4.13,4.09,4.11,4.18,-1892.00,19.80,24.77,Mon Jan  1 00:12:17 2024
4.18,4.10,4.13,4.10,4.10,4.17,-1664.00,19.80,24.79,Mon Jan  1 00:12:18 2024
4.18,4.10,4.13,4.09,4.08,4.18,-1680.00,19.80,24.77,Mon Jan  1 00:12:20 2024
4.18,4.11,4.14,4.10,4.10,4.18,-1504.00,19.80,24.78,Mon Jan  1 00:12:21 2024
4.18,4.11,4.14,4.09,4.11,4.18,-1496.00,19.80,24.79,Mon Jan  1 00:12:23 2024
4.18,4.11,4.12,4.09,4.10,4.18,-1624.00,19.80,24.79,Mon Jan  1 00:12:24 2024
4.17,4.11,4.13,4.09,4.10,4.18,-1716.00,19.80,24.80,Mon Jan  1 00:12:26 2024
4.19,4.10,4.13,4.09,4.10,4.18,-1952.00,19.80,24.78,Mon Jan  1 00:12:27 2024
4.18,4.10,4.14,4.10,4.11,4.18,-1876.00,19.80,24.81,Mon Jan  1 00:12:29 2024
4.18,4.11,4.13,4.09,4.10,4.18,-1920.00,19.80,24.78,Mon Jan  1 00:12:30 2024
4.18,4.10,4.14,4.10,4.11,4.17,-1684.00,19.80,24.79,Mon Jan  1 00:12:32 2024
4.17,4.11,4.14,4.09,4.11,4.18,-1708.00,19.80,24.81,Mon Jan  1 00:12:33 2024
4.18,4.10,4.13,4.10,4.11,4.18,-1460.00,19.80,24.80,Mon Jan  1 00:12:35 2024
4.18,4.10,4.14,4.10,4.10,4.18,-1456.00,19.80,24.83,Mon Jan  1 00:12:36 2024
4.18,4.10,4.13,4.09,4.11,4.18,-1872.00,19.80,24.80,Mon Jan  1 00:12:38 2024
4.18,4.10,4.13,4.10,4.10,4.18,-1672.00,19.80,24.78,Mon Jan  1 00:12:39 2024
4.18,4.10,4.14,4.10,4.11,4.18,-1784.00,19.80,24.81,Mon Jan  1 00:12:41 2024
4.18,4.10,4.13,4.09,4.11,4.18,-1944.00,19.80,24.83,Mon Jan  1 00:12:42 2024
4.18,4.11,4.13,4.10,4.11,4.18,-1520.00,19.80,24.78,Mon Jan  1 00:12:44 2024
4.18,4.10,4.14,4.10,4.10,4.16,-1520.00,19.80,24.63,Mon Jan  1 00:12:45 2024
4.18,4.10,4.13,4.10,4.11,4.18,-1740.00,19.80,24.76,Mon Jan  1 00:12:47 2024
4.18,4.11,4.14,4.09,4.11,4.18,-1636.00,19.80,24.80,Mon Jan  1 00:12:48 2024
4.18,4.09,4.14,4.10,4.10,4.18,-1896.00,19.80,24.79,Mon Jan  1 00:12:50 2024
4.18,4.10,4.14,4.10,4.11,4.18,-1944.00,19.80,24.81,Mon Jan  1 00:12:51 2024
4.18,4.11,4.13,4.09,4.11,4.18,-1696.00,19.80,24.81,Mon Jan  1 00:12:53 2024
4.18,4.11,4.14,4.10,4.10,4.18,-1732.00,19.80,24.79,Mon Jan  1 00:12:54 2024
4.18,4.11,4.14,4.10,4.11,4.18,-1512.00,19.80,24.80,Mon Jan  1 00:12:56 2024
4.18,4.10,4.14,4.09,4.10,4.18,-1504.00,19.80,24.80,Mon Jan  1 00:12:57 2024
4.18,4.10,4.13,4.08,4.10,4.18,-1920.00,19.80,26.21,Mon Jan  1 00:12:59 2024
4.19,4.11,4.14,4.09,4.11,4.18,-1724.00,19.80,24.81,Mon Jan  1 00:13:00 2024
4.18,4.10,4.14,4.10,4.11,4.18,-1716.00,19.80,24.79,Mon Jan  1 00:13:02 2024
4.19,4.10,4.14,4.10,4.10,4.18,-1892.00,19.80,24.81,Mon Jan  1 00:13:03 2024
4.18,4.10,4.14,4.10,4.10,4.18,-1956.00,19.80,24.78,Mon Jan  1 00:13:05 2024
4.19,4.10,4.14,4.10,4.10,4.19,-1480.00,19.80,24.81,Mon Jan  1 00:13:06 2024
4.18,4.11,4.14,4.10,4.11,4.18,-1680.00,19.80,24.84,Mon Jan  1 00:13:08 2024
4.19,4.10,4.14,4.09,4.11,4.18,-1692.00,19.80,24.85,Mon Jan  1 00:13:09 2024
4.18,4.11,4.13,4.10,4.09,4.19,-1560.00,19.80,24.90,Mon Jan  1 00:13:11 2024
4.18,4.11,4.14,4.10,4.10,4.18,-1860.00,19.80,24.84,Mon Jan  1 00:13:12 2024
4.18,4.11,4.14,4.10,4.11,4.18,-1908.00,19.80,24.84,Mon Jan  1 00:13:14 2024
4.18,4.11,4.12,4.09,4.11,4.18,-1668.00,19.80,24.84,Mon Jan  1 00:13:15 2024
4.19,4.11,4.14,4.10,4.11,4.18,-1680.00,19.80,24.81,Mon Jan  1 00:13:17 2024
4.18,4.10,4.14,4.09,4.11,4.18,-1452.00,19.80,24.84,Mon Jan  1 00:13:18 2024
4.17,4.10,4.14,4.09,4.11,4.18,-1508.00,19.80,24.84,Mon Jan  1 00:13:20 2024
4.18,4.11,4.13,4.10,4.11,4.18,-1856.00,19.80,24.85,Mon Jan  1 00:13:21 2024
4.18,4.10,4.14,4.10,4.11,4.18,-1660.00,19.80,24.85,Mon Jan  1 00:13:23 2024
4.18,4.11,4.14,4.09,4.11,4.18,-1804.00,19.80,24.85,Mon Jan  1 00:13:24 2024
4.17,4.10,4.14,4.10,4.11,4.18,-1884.00,19.80,24.84,Mon Jan  1 00:13:26 2024
4.18,4.10,4.14,4.10,4.11,4.18,-1444.00,19.80,24.85,Mon Jan  1 00:13:27 2024
4.18,4.11,4.14,4.09,4.11,4.18,-1512.00,19.80,24.81,Mon Jan  1 00:13:29 2024
4.18,4.11,4.13,4.10,4.11,4.18,-1740.00,19.80,24.84,Mon Jan  1 00:13:30 2024
4.18,4.10,4.14,4.08,4.11,4.18,-1668.00,19.80,24.87,Mon Jan  1 00:13:32 2024
4.18,4.10,4.14,4.09,4.11,4.18,-1500.00,19.80,24.87,Mon Jan  1 00:13:33 2024
4.18,4.10,4.14,4.09,4.11,4.18,-1896.00,19.80,24.83,Mon Jan  1 00:13:35 2024
4.18,4.10,4.14,4.10,4.10,4.16,-1820.00,19.80,24.75,Mon Jan  1 00:13:36 2024
4.19,4.10,4.14,4.09,4.11,4.18,-1728.00,19.80,24.83,Mon Jan  1 00:13:38 2024
4.19,4.10,4.14,4.10,4.10,4.18,-1720.00,19.80,24.81,Mon Jan  1 00:13:39 2024
4.19,4.10,4.14,4.07,4.10,4.18,-1508.00,19.80,24.88,Mon Jan  1 00:13:41 2024
4.18,4.10,4.14,4.09,4.10,4.18,-1452.00,19.80,24.83,Mon Jan  1 00:13:42 2024
4.18,4.11,4.13,4.09,4.11,4.18,-1732.00,19.80,24.83,Mon Jan  1 00:13:44 2024
4.19,4.09,4.14,4.10,4.11,4.18,-1724.00,19.80,24.84,Mon Jan  1 00:13:45 2024
4.18,4.10,4.14,4.10,4.11,4.18,-1924.00,19.80,24.83,Mon Jan  1 00:13:47 2024
4.19,4.11,4.14,4.10,4.11,4.18,-1916.00,19.80,24.80,Mon Jan  1 00:13:48 2024
4.19,4.11,4.14,4.10,4.11,4.18,-1444.00,19.80,24.79,Mon Jan  1 00:13:50 2024
4.19,4.11,4.14,4.10,4.10,4.18,-1696.00,19.80,24.87,Mon Jan  1 00:13:51 2024
4.18,4.11,4.13,4.09,4.11,4.19,-1700.00,19.80,24.84,Mon Jan  1 00:13:53 2024
4.18,4.11,4.14,4.10,4.10,4.19,-1500.00,19.80,24.87,Mon Jan  1 00:13:54 2024
4.18,4.11,4.15,4.10,4.11,4.18,-1852.00,19.80,24.83,Mon Jan  1 00:13:56 2024
4.18,4.11,4.14,4.10,4.11,4.19,-1948.00,19.80,24.83,Mon Jan  1 00:13:57 2024
4.19,4.11,4.14,4.08,4.10,4.18,-1740.00,19.80,26.56,Mon Jan  1 00:13:59 2024
4.18,4.11,4.14,4.09,4.11,4.18,-1680.00,19.80,24.85,Mon Jan  1 00:14:00 2024
4.19,4.11,4.14,4.10,4.11,4.19,-1504.00,19.80,24.88,Mon Jan  1 00:14:02 2024
4.18,4.11,4.14,4.10,4.11,4.19,-1520.00,19.80,24.84,Mon Jan  1 00:14:03 2024
4.18,4.11,4.14,4.10,4.11,4.18,-1672.00,19.80,24.88,Mon Jan  1 00:14:05 2024
4.18,4.11,4.14,4.10,4.09,4.19,-1724.00,19.80,24.81,Mon Jan  1 00:14:06 2024
4.18,4.11,4.14,4.10,4.11,4.19,-1728.00,19.80,24.81,Mon Jan  1 00:14:08 2024
4.18,4.11,4.14,4.09,4.10,4.19,-1864.00,19.80,24.89,Mon Jan  1 00:14:09 2024
4.19,4.11,4.12,4.10,4.11,4.18,-1896.00,19.80,24.81,Mon Jan  1 00:14:11 2024
4.19,4.10,4.14,4.10,4.10,4.18,-1692.00,19.80,24.81,Mon Jan  1 00:14:12 2024
4.18,4.10,4.15,4.10,4.11,4.19,-1628.00,19.80,24.82,Mon Jan  1 00:14:14 2024
4.17,4.11,4.14,4.09,4.11,4.18,-1472.00,19.80,24.85,Mon Jan  1 00:14:15 2024
4.18,4.11,4.14,4.10,4.10,4.19,-1484.00,19.80,24.84,Mon Jan  1 00:14:17 2024
4.18,4.10,4.15,4.09,4.11,4.18,-1872.00,19.80,24.81,Mon Jan  1 00:14:18 2024
4.19,4.11,4.14,4.09,4.11,4.18,-1660.00,19.80,24.85,Mon Jan  1 00:14:20 2024
4.18,4.11,4.14,4.10,4.10,4.19,-1760.00,19.80,24.89,Mon Jan  1 00:14:21 2024
4.18,4.10,4.14,4.09,4.11,4.18,-1920.00,19.80,24.84,Mon Jan  1 00:14:23 2024
4.19,4.11,4.14,4.10,4.11,4.18,-1496.00,19.80,24.83,Mon Jan  1 00:14:24 2024
4.18,4.11,4.14,4.10,4.10,4.19,-1516.00,19.80,24.85,Mon Jan  1 00:14:26 2024
4.18,4.11,4.14,4.10,4.11,4.19,-1664.00,19.80,24.88,Mon Jan  1 00:14:27 2024
4.18,4.11,4.15,4.10,4.11,4.19,-1572.00,19.80,24.88,Mon Jan  1 00:14:29 2024
4.19,4.11,4.14,4.10,4.11,4.19,-1900.00,19.80,24.84,Mon Jan  1 00:14:30 2024
4.18,4.11,4.14,4.08,4.11,4.17,-1888.00,19.80,24.84,Mon Jan  1 00:14:32 2024
4.19,4.11,4.14,4.10,4.11,4.19,-1684.00,19.80,24.83,Mon Jan  1 00:14:33 2024
4.19,4.11,4.15,4.10,4.11,4.19,-1720.00,19.80,24.89,Mon Jan  1 00:14:35 2024
4.18,4.11,4.14,4.08,4.11,4.19,-1464.00,19.80,24.83,Mon Jan  1 00:14:36 2024
4.19,4.11,4.15,4.10,4.11,4.18,-1476.00,19.80,24.84,Mon Jan  1 00:14:38 2024
4.19,4.11,4.14,4.10,4.11,4.19,-1832.00,19.80,24.85,Mon Jan  1 00:14:39 2024
4.18,4.11,4.14,4.10,4.11,4.19,-1732.00,19.80,24.85,Mon Jan  1 00:14:41 2024
4.19,4.11,4.14,4.10,4.11,4.19,-1684.00,19.80,24.89,Mon Jan  1 00:14:42 2024
4.19,4.11,4.14,4.10,4.11,4.19,-1892.00,19.80,24.88,Mon Jan  1 00:14:44 2024
4.18,4.11,4.15,4.10,4.11,4.19,-1872.00,19.80,24.83,Mon Jan  1 00:14:45 2024
4.19,4.11,4.14,4.10,4.12,4.19,-1484.00,19.80,24.84,Mon Jan  1 00:14:47 2024
4.19,4.11,4.14,4.10,4.11,4.19,-1748.00,19.80,24.78,Mon Jan  1 00:14:48 2024
4.19,4.11,4.14,4.10,4.11,4.19,-1636.00,19.80,26.66,Mon Jan  1 00:14:50 2024
4.19,4.11,4.14,4.10,4.11,4.19,-1496.00,19.80,24.88,Mon Jan  1 00:14:51 2024
4.19,4.12,4.14,4.10,4.11,4.19,-1852.00,19.80,24.89,Mon Jan  1 00:14:53 2024
4.18,4.11,4.14,4.10,4.11,4.19,-1904.00,19.80,24.91,Mon Jan  1 00:14:54 2024
4.19,4.11,4.15,4.10,4.11,4.19,-1692.00,19.80,24.82,Mon Jan  1 00:14:56 2024
4.19,4.11,4.14,4.10,4.11,4.19,-1668.00,19.80,24.88,Mon Jan  1 00:14:57 2024
4.19,4.11,4.14,4.08,4.11,4.19,-1476.00,19.80,24.84,Mon Jan  1 00:14:59 2024
4.19,4.11,4.15,4.10,4.11,4.18,-1472.00,19.80,24.85,Mon Jan  1 00:15:00 2024
4.19,4.12,4.12,4.10,4.11,4.19,-1752.00,19.80,24.91,Mon Jan  1 00:15:02 2024
4.19,4.11,4.14,4.10,4.11,4.19,-1720.00,19.80,24.88,Mon Jan  1 00:15:03 2024
4.19,4.11,4.15,4.10,4.11,4.18,-1860.00,19.80,24.93,Mon Jan  1 00:15:05 2024
4.18,4.11,4.15,4.10,4.11,4.19,-1896.00,19.80,24.91,Mon Jan  1 00:15:06 2024
4.19,4.11,4.14,4.10,4.11,4.19,-1452.00,19.80,24.91,Mon Jan  1 00:15:08 2024
4.18,4.11,4.14,4.10,4.11,4.18,-1544.00,19.80,24.85,Mon Jan  1 00:15:09 2024
4.18,4.11,4.14,4.10,4.11,4.19,-1652.00,19.80,24.89,Mon Jan  1 00:15:11 2024
4.18,4.11,4.14,4.10,4.11,4.19,-1536.00,19.80,24.88,Mon Jan  1 00:15:12 2024
4.19,4.11,4.15,4.10,4.11,4.18,-1432.00,19.80,24.89,Mon Jan  1 00:15:14 2024
4.19,4.11,4.14,4.10,4.11,4.19,-1904.00,19.80,24.88,Mon Jan  1 00:15:15 2024
4.19,4.11,4.15,4.10,4.11,4.19,-1848.00,19.80,24.84,Mon Jan  1 00:15:17 2024
4.20,4.11,4.15,4.10,4.11,4.19,-1720.00,19.80,24.93,Mon Jan  1 00:15:18 2024
4.19,4.11,4.15,4.10,4.11,4.19,-1776.00,19.80,24.85,Mon Jan  1 00:15:20 2024
4.18,4.11,4.15,4.10,4.11,4.20,-1468.00,19.80,24.92,Mon Jan  1 00:15:21 2024
4.19,4.11,4.14,4.10,4.11,4.58,-1484.00,19.80,24.89,Mon Jan  1 00:15:23 2024
4.19,4.10,4.13,4.10,4.11,4.15,80.00,19.80,24.75,Mon Jan  1 00:15:24 2024
4.19,4.11,4.13,4.10,4.10,4.16,80.00,19.80,24.74,Mon Jan  1 00:15:26 2024
4.19,4.10,4.13,4.08,4.10,4.15,76.00,19.80,24.73,Mon Jan  1 00:15:27 2024
4.19,4.10,4.13,4.09,4.11,4.15,80.00,19.80,24.70,Mon Jan  1 00:15:29 2024
4.18,4.11,4.12,4.10,4.10,4.15,80.00,19.80,24.67,Mon Jan  1 00:15:30 2024
4.19,4.09,4.12,4.09,4.11,4.15,76.00,19.80,24.68,Mon Jan  1 00:15:32 2024
4.18,4.10,4.13,4.09,4.11,4.14,76.00,19.80,24.65,Mon Jan  1 00:15:33 2024
4.19,4.10,4.12,4.10,4.10,4.14,80.00,19.80,24.73,Mon Jan  1 00:15:35 2024
4.18,4.10,4.12,4.09,4.09,4.14,76.00,19.80,24.72,Mon Jan  1 00:15:36 2024
4.19,4.10,4.12,4.09,4.10,4.14,76.00,19.80,24.70,Mon Jan  1 00:15:38 2024
4.18,4.10,4.12,4.09,4.09,4.14,80.00,19.80,24.66,Mon Jan  1 00:15:39 2024
4.18,4.10,4.11,4.09,4.10,4.14,76.00,19.80,24.70,Mon Jan  1 00:15:41 2024
4.18,4.10,4.14,4.09,4.10,4.18,-1672.00,19.80,24.84,Mon Jan  1 00:15:42 2024
4.18,4.11,4.13,4.10,4.10,4.18,-1636.00,19.80,24.85,Mon Jan  1 00:15:44 2024
4.18,4.10,4.14,4.10,4.10,4.18,-2008.00,19.80,24.83,Mon Jan  1 00:15:45 2024
4.18,4.10,4.15,4.10,4.11,4.18,-1880.00,19.80,24.83,Mon Jan  1 00:15:47 2024
4.18,4.11,4.14,4.10,4.10,4.19,-1888.00,19.80,24.80,Mon Jan  1 00:15:48 2024
4.18,4.11,4.14,4.10,4.11,4.19,-2076.00,19.80,24.92,Mon Jan  1 00:15:50 2024
4.18,4.10,4.15,4.10,4.11,4.19,-2080.00,19.80,24.93,Mon Jan  1 00:15:51 2024
4.18,4.11,4.14,4.10,4.09,4.19,-1680.00,19.80,24.88,Mon Jan  1 00:15:53 2024
4.18,4.11,4.14,4.10,4.11,4.20,-1884.00,19.80,24.88,Mon Jan  1 00:15:54 2024
4.18,4.11,4.15,4.10,4.11,4.19,-1672.00,19.80,24.90,Mon Jan  1 00:15:56 2024
4.19,4.11,4.13,4.10,4.11,4.19,-1656.00,19.80,24.91,Mon Jan  1 00:15:57 2024
4.18,4.11,4.15,4.08,4.11,4.20,-2080.00,19.80,24.92,Mon Jan  1 00:15:59 2024
4.18,4.10,4.14,4.09,4.11,4.19,-2088.00,19.80,24.94,Mon Jan  1 00:16:00 2024
4.17,4.11,4.15,4.10,4.11,4.19,-1848.00,19.80,24.92,Mon Jan  1 00:16:02 2024
4.19,4.11,4.14,4.10,4.11,4.20,-1996.00,19.80,24.85,Mon Jan  1 00:16:03 2024
4.18,4.11,4.15,4.10,4.11,4.19,-1648.00,19.80,24.89,Mon Jan  1 00:16:05 2024
4.18,4.11,4.14,4.10,4.11,4.19,-1644.00,19.80,24.92,Mon Jan  1 00:16:06 2024
4.19,4.11,4.15,4.10,4.11,4.20,-1864.00,19.80,24.89,Mon Jan  1 00:16:08 2024
4.19,4.11,4.14,4.10,4.11,4.19,-1864.00,19.80,24.94,Mon Jan  1 00:16:09 2024
4.19,4.11,4.15,4.10,4.11,4.19,-2064.00,19.80,24.94,Mon Jan  1 00:16:11 2024
4.18,4.11,4.14,4.10,4.11,4.20,-2060.00,19.80,24.88,Mon Jan  1 00:16:12 2024
4.18,4.11,4.15,4.10,4.11,4.19,-1644.00,19.80,24.93,Mon Jan  1 00:16:14 2024
4.18,4.11,4.15,4.10,4.12,4.20,-1880.00,19.80,24.94,Mon Jan  1 00:16:15 2024
4.19,4.11,4.15,4.10,4.11,4.20,-1740.00,19.80,24.92,Mon Jan  1 00:16:17 2024
4.18,4.11,4.15,4.10,4.11,4.18,-1636.00,19.80,24.75,Mon Jan  1 00:16:18 2024
4.19,4.11,4.15,4.10,4.12,4.20,-2040.00,19.80,24.94,Mon Jan  1 00:16:20 2024
4.18,4.11,4.15,4.10,4.11,4.20,-2000.00,19.80,24.93,Mon Jan  1 00:16:21 2024
4.19,4.11,4.15,4.08,4.11,4.20,-1832.00,19.80,24.87,Mon Jan  1 00:16:23 2024
4.19,4.10,4.13,4.10,4.12,4.16,80.00,19.80,24.76,Mon Jan  1 00:16:24 2024
4.19,4.11,4.13,4.10,4.10,4.16,76.00,19.80,24.79,Mon Jan  1 00:16:26 2024
4.18,4.08,4.13,4.10,4.10,4.16,76.00,19.80,24.75,Mon Jan  1 00:16:27 2024
4.18,4.11,4.13,4.09,4.10,4.15,80.00,19.80,24.74,Mon Jan  1 00:16:29 2024
4.19,4.11,4.12,4.10,4.10,4.16,76.00,19.80,24.73,Mon Jan  1 00:16:30 2024
4.19,4.11,4.12,4.10,4.11,4.15,76.00,19.80,24.74,Mon Jan  1 00:16:32 2024
4.18,4.10,4.12,4.10,4.10,4.15,76.00,19.80,24.70,Mon Jan  1 00:16:33 2024
4.18,4.10,4.12,4.09,4.10,4.15,80.00,19.80,24.68,Mon Jan  1 00:16:35 2024
4.19,4.10,4.12,4.10,4.09,4.15,80.00,19.80,24.69,Mon Jan  1 00:16:36 2024
4.18,4.10,4.12,4.09,4.11,4.15,76.00,19.80,24.72,Mon Jan  1 00:16:38 2024
4.18,4.10,4.12,4.10,4.10,4.15,76.00,19.80,24.74,Mon Jan  1 00:16:39 2024
4.18,4.10,4.12,4.09,4.09,4.15,80.00,19.80,24.66,Mon Jan  1 00:16:41 2024
4.18,4.10,4.12,4.09,4.09,4.14,80.00,19.80,24.72,Mon Jan  1 00:16:42 2024
4.18,4.10,4.14,4.10,4.09,4.18,-2032.00,19.80,24.87,Mon Jan  1 00:16:44 2024
4.17,4.10,4.14,4.10,4.10,4.19,-1888.00,19.80,24.79,Mon Jan  1 00:16:45 2024
4.18,4.11,4.14,4.10,4.10,4.18,-2080.00,19.80,24.83,Mon Jan  1 00:16:47 2024
4.18,4.10,4.14,4.10,4.08,4.18,-1660.00,19.80,24.89,Mon Jan  1 00:16:48 2024
4.18,4.11,4.14,4.10,4.10,4.19,-1668.00,19.80,24.88,Mon Jan  1 00:16:50 2024
4.18,4.10,4.14,4.10,4.11,4.19,-1904.00,19.80,24.90,Mon Jan  1 00:16:51 2024
4.16,4.10,4.14,4.10,4.11,4.19,-1840.00,19.80,24.91,Mon Jan  1 00:16:53 2024
4.18,4.11,4.14,4.10,4.10,4.20,-1636.00,19.80,24.91,Mon Jan  1 00:16:54 2024
4.18,4.11,4.15,4.10,4.11,4.19,-2076.00,19.80,24.91,Mon Jan  1 00:16:56 2024
4.18,4.11,4.14,4.10,4.11,4.19,-2088.00,19.80,24.88,Mon Jan  1 00:16:57 2024
4.18,4.11,4.14,4.09,4.11,4.20,-1808.00,19.80,24.94,Mon Jan  1 00:16:59 2024
4.18,4.11,4.15,4.10,4.11,4.19,-1880.00,19.80,24.90,Mon Jan  1 00:17:00 2024
4.18,4.11,4.15,4.10,4.11,4.19,-1616.00,19.80,24.94,Mon Jan  1 00:17:02 2024
4.18,4.11,4.14,4.10,4.11,4.20,-1660.00,19.80,24.87,Mon Jan  1 00:17:03 2024
4.18,4.10,4.14,4.10,4.11,4.20,-1912.00,19.80,24.93,Mon Jan  1 00:17:05 2024
4.18,4.11,4.14,4.10,4.11,4.19,-1836.00,19.80,24.94,Mon Jan  1 00:17:06 2024
4.18,4.11,4.14,4.10,4.11,4.20,-2084.00,19.80,24.93,Mon Jan  1 00:17:08 2024
4.18,4.11,4.15,4.10,4.12,4.20,-1980.00,19.80,24.90,Mon Jan  1 00:17:09 2024
4.18,4.11,4.15,4.10,4.11,4.20,-1604.00,19.80,24.94,Mon Jan  1 00:17:11 2024
4.18,4.11,4.14,4.10,4.11,4.20,-1756.00,19.80,24.88,Mon Jan  1 00:17:12 2024
4.18,4.11,4.15,4.30,4.11,4.44,-1864.00,19.80,24.90,Mon Jan  1 00:17:14 2024
4.19,4.11,4.13,4.10,4.11,4.15,80.00,19.80,24.75,Mon Jan  1 00:17:15 2024
4.19,4.11,4.13,4.10,4.10,4.16,80.00,19.80,24.75,Mon Jan  1 00:17:17 2024
4.19,4.10,4.13,4.08,4.11,4.16,80.00,19.80,24.74,Mon Jan  1 00:17:18 2024
4.18,4.10,4.13,4.09,4.11,4.16,80.00,19.80,24.73,Mon Jan  1 00:17:20 2024
4.19,4.11,4.12,4.10,4.10,4.15,76.00,19.80,24.70,Mon Jan  1 00:17:21 2024
4.18,4.10,4.12,4.10,4.10,4.15,80.00,19.80,24.72,Mon Jan  1 00:17:23 2024
4.18,4.10,4.14,4.09,4.11,4.19,-1656.00,19.80,24.87,Mon Jan  1 00:17:24 2024
4.17,4.11,4.14,4.10,4.11,4.19,-2052.00,19.80,24.91,Mon Jan  1 00:17:26 2024
4.18,4.10,4.14,4.10,4.10,4.19,-1852.00,19.80,24.84,Mon Jan  1 00:17:27 2024
4.18,4.11,4.15,4.10,4.11,4.19,-1772.00,19.80,24.94,Mon Jan  1 00:17:29 2024
4.18,4.11,4.14,4.10,4.10,4.20,-2088.00,19.80,24.88,Mon Jan  1 00:17:30 2024
4.18,4.11,4.14,4.10,4.11,4.20,-2076.00,19.80,26.70,Mon Jan  1 00:17:32 2024
4.18,4.11,4.15,4.10,4.11,4.20,-1644.00,19.80,24.89,Mon Jan  1 00:17:33 2024
4.18,4.11,4.14,4.10,4.11,4.20,-1852.00,19.80,24.89,Mon Jan  1 00:17:35 2024
4.18,4.11,4.15,4.10,4.11,4.20,-1668.00,19.80,24.84,Mon Jan  1 00:17:36 2024
4.18,4.11,4.15,4.10,4.11,4.20,-1636.00,19.80,24.94,Mon Jan  1 00:17:38 2024
4.18,4.11,4.15,4.10,4.10,4.19,-2064.00,19.80,24.94,Mon Jan  1 00:17:39 2024
4.18,4.11,4.15,4.10,4.11,4.20,-2052.00,19.80,24.93,Mon Jan  1 00:17:41 2024
4.19,4.10,4.13,4.10,4.11,4.16,80.00,19.80,24.75,Mon Jan  1 00:17:42 2024
4.18,4.11,4.11,4.10,4.11,4.16,76.00,19.80,24.75,Mon Jan  1 00:17:44 2024
4.18,4.11,4.13,4.10,4.11,4.16,76.00,19.80,24.75,Mon Jan  1 00:17:45 2024
4.18,4.10,4.13,4.10,4.11,4.16,80.00,19.80,24.76,Mon Jan  1 00:17:47 2024
4.16,4.09,4.12,4.10,4.10,4.15,76.00,19.80,24.68,Mon Jan  1 00:17:48 2024
4.17,4.10,4.14,4.10,4.10,4.19,-1940.00,19.80,24.92,Mon Jan  1 00:17:50 2024
4.17,4.11,4.15,4.10,4.10,4.20,-2148.00,19.80,24.92,Mon Jan  1 00:17:51 2024
4.18,4.11,4.15,4.10,4.11,4.20,-2144.00,19.80,24.93,Mon Jan  1 00:17:53 2024
4.17,4.11,4.14,4.10,4.11,4.20,-1728.00,19.80,24.89,Mon Jan  1 00:17:54 2024
4.19,4.11,4.13,4.10,4.11,4.16,80.00,19.80,24.77,Mon Jan  1 00:17:56 2024
4.18,4.10,4.13,4.10,4.11,4.16,80.00,19.80,24.72,Mon Jan  1 00:17:57 2024
4.17,4.11,4.15,4.09,4.11,4.19,-1692.00,19.80,24.93,Mon Jan  1 00:17:59 2024
4.18,4.11,4.15,4.10,4.11,4.20,-1676.00,19.80,24.94,Mon Jan  1 00:18:00 2024
4.18,4.11,4.15,4.10,4.11,4.20,-2100.00,19.80,24.90,Mon Jan  1 00:18:02 2024
4.18,4.11,4.15,4.10,4.10,4.20,-1904.00,19.80,24.87,Mon Jan  1 00:18:03 2024
4.18,4.10,4.13,4.10,4.11,4.14,128.00,19.80,24.73,Mon Jan  1 00:18:05 2024
4.18,4.11,4.13,4.10,4.11,4.15,76.00,19.80,24.77,Mon Jan  1 00:18:06 2024
4.17,4.11,4.15,4.10,4.11,4.20,-1728.00,19.80,24.91,Mon Jan  1 00:18:08 2024
4.18,4.11,4.15,4.08,4.11,4.20,-1692.00,19.80,24.85,Mon Jan  1 00:18:09 2024
4.18,4.11,4.15,4.10,4.11,4.20,-1912.00,19.80,24.91,Mon Jan  1 00:18:11 2024
4.18,4.11,4.14,4.10,4.11,4.20,-1848.00,19.80,24.87,Mon Jan  1 00:18:12 2024
4.20,4.09,4.13,4.10,4.10,4.16,80.00,19.80,24.77,Mon Jan  1 00:18:14 2024
4.18,4.10,4.13,4.10,4.11,4.15,76.00,19.80,24.77,Mon Jan  1 00:18:15 2024
4.18,4.11,4.14,4.10,4.11,4.19,-1820.00,19.80,24.94,Mon Jan  1 00:18:17 2024
4.18,4.11,4.13,4.10,4.11,4.20,-1892.00,19.80,24.94,Mon Jan  1 00:18:18 2024
4.18,4.11,4.15,4.10,4.11,4.20,-1692.00,19.80,24.94,Mon Jan  1 00:18:20 2024
4.18,4.11,4.15,4.10,4.11,4.20,-1672.00,19.80,24.88,Mon Jan  1 00:18:21 2024
4.18,4.11,4.15,4.10,4.11,4.20,-2172.00,19.80,26.82,Mon Jan  1 00:18:23 2024
4.18,4.11,4.13,4.10,4.11,4.16,76.00,19.80,24.76,Mon Jan  1 00:18:24 2024
4.18,4.11,4.12,4.10,4.11,4.16,80.00,19.80,24.74,Mon Jan  1 00:18:26 2024
4.18,4.11,4.14,4.10,4.11,4.20,-2060.00,19.80,24.95,Mon Jan  1 00:18:27 2024
4.18,4.11,4.14,4.10,4.11,4.19,-1688.00,19.80,24.94,Mon Jan  1 00:18:29 2024
4.17,4.11,4.13,4.10,4.11,4.20,-1712.00,19.80,24.93,Mon Jan  1 00:18:30 2024
4.19,4.11,4.13,4.10,4.11,4.16,80.00,19.80,24.75,Mon Jan  1 00:18:32 2024
4.18,4.11,4.13,4.10,4.11,4.16,80.00,19.80,24.77,Mon Jan  1 00:18:33 2024
4.18,4.10,4.12,4.10,4.09,4.15,76.00,19.80,24.75,Mon Jan  1 00:18:35 2024
4.18,4.11,4.14,4.10,4.10,4.19,-2100.00,19.80,24.84,Mon Jan  1 00:18:36 2024
4.17,4.11,4.14,4.10,4.12,4.18,-2136.00,19.80,24.79,Mon Jan  1 00:18:38 2024
5.22,4.11,4.13,4.10,4.12,4.19,-1956.00,19.80,24.89,Mon Jan  1 00:18:39 2024
4.19,4.10,4.13,4.10,4.11,4.15,80.00,19.80,24.76,Mon Jan  1 00:18:41 2024
4.18,4.09,4.11,4.10,4.10,4.16,80.00,19.80,24.76,Mon Jan  1 00:18:42 2024
4.18,4.10,4.12,4.09,4.10,4.15,76.00,19.80,24.74,Mon Jan  1 00:18:44 2024
4.17,4.11,4.15,4.10,4.11,4.19,-2200.00,19.80,24.85,Mon Jan  1 00:18:45 2024
4.17,4.10,4.15,4.10,4.11,4.19,-1952.00,19.80,24.94,Mon Jan  1 00:18:47 2024
4.17,4.10,4.15,4.10,4.11,4.20,-2036.00,19.80,24.94,Mon Jan  1 00:18:48 2024
4.18,4.11,4.15,4.10,4.11,4.20,-2100.00,19.80,24.94,Mon Jan  1 00:18:50 2024
4.18,4.11,4.15,4.10,4.11,4.20,-1684.00,19.80,24.92,Mon Jan  1 00:18:51 2024
4.19,4.11,4.13,4.10,4.11,4.16,80.00,19.80,24.77,Mon Jan  1 00:18:53 2024
4.17,4.11,4.12,4.10,4.11,4.16,76.00,19.80,24.74,Mon Jan  1 00:18:54 2024
4.18,4.11,4.15,4.10,4.11,4.20,-1848.00,19.80,24.94,Mon Jan  1 00:18:56 2024
4.18,4.10,4.13,4.10,4.11,4.16,80.00,19.80,24.77,Mon Jan  1 00:18:57 2024
4.18,4.11,4.15,4.09,4.11,4.20,-2256.00,19.80,24.93,Mon Jan  1 00:18:59 2024
4.17,4.11,4.15,4.10,4.11,4.18,-1808.00,19.80,24.78,Mon Jan  1 00:19:00 2024
4.18,4.11,4.15,4.10,4.11,4.21,-2004.00,19.80,24.92,Mon Jan  1 00:19:02 2024
4.18,4.11,4.13,4.10,4.11,4.16,76.00,19.80,24.79,Mon Jan  1 00:19:03 2024
4.17,4.19,4.15,4.36,4.11,4.21,-1876.00,19.80,24.94,Mon Jan  1 00:19:05 2024
4.18,4.11,4.11,4.10,4.11,4.15,84.00,19.80,24.78,Mon Jan  1 00:19:06 2024
4.17,4.12,4.15,4.10,4.11,4.21,-2292.00,19.80,24.94,Mon Jan  1 00:19:08 2024
4.18,4.11,4.13,4.10,4.10,4.16,80.00,19.80,24.76,Mon Jan  1 00:19:09 2024
4.18,4.10,4.13,4.10,4.11,4.16,76.00,19.80,24.76,Mon Jan  1 00:19:11 2024
4.18,4.11,4.12,4.10,4.11,4.15,76.00,19.80,24.79,Mon Jan  1 00:19:12 2024
4.18,4.11,4.13,4.10,4.11,4.16,80.00,19.80,24.77,Mon Jan  1 00:19:14 2024
4.17,4.11,4.15,4.10,4.11,4.20,-1896.00,19.80,24.94,Mon Jan  1 00:19:15 2024
4.18,4.11,4.13,4.10,4.10,4.16,76.00,19.80,24.76,Mon Jan  1 00:19:17 2024
4.18,4.11,4.11,4.09,4.11,4.15,76.00,19.80,24.77,Mon Jan  1 00:19:18 2024
4.18,4.10,4.12,4.10,4.11,4.15,76.00,19.80,24.77,Mon Jan  1 00:19:20 2024
4.18,4.10,4.12,4.10,4.11,4.15,80.00,19.80,24.77,Mon Jan  1 00:19:21 2024
4.18,4.10,4.12,4.10,4.10,4.15,76.00,19.80,24.70,Mon Jan  1 00:19:23 2024
4.18,4.10,4.12,4.09,4.10,4.15,80.00,19.80,24.73,Mon Jan  1 00:19:24 2024
4.17,4.09,4.12,4.10,4.10,4.15,80.00,19.80,24.74,Mon Jan  1 00:19:26 2024
4.18,4.10,4.13,4.10,4.10,4.15,76.00,19.80,24.77,Mon Jan  1 00:19:27 2024
4.18,4.10,4.12,4.10,4.10,4.14,76.00,19.80,24.68,Mon Jan  1 00:19:29 2024
4.15,4.10,4.10,4.10,4.11,4.15,76.00,19.80,24.72,Mon Jan  1 00:19:30 2024
4.18,4.10,4.12,4.09,4.10,4.14,76.00,19.80,24.69,Mon Jan  1 00:19:32 2024
4.17,4.10,4.12,4.09,4.10,4.15,80.00,19.80,24.75,Mon Jan  1 00:19:33 2024
4.16,4.10,4.13,4.09,4.10,4.15,76.00,19.80,24.73,Mon Jan  1 00:19:35 2024
4.18,4.10,4.11,4.10,4.10,4.15,76.00,19.80,24.75,Mon Jan  1 00:19:36 2024
4.17,4.10,4.12,4.09,4.10,4.14,80.00,19.80,24.73,Mon Jan  1 00:19:38 2024
4.17,4.09,4.12,4.09,4.10,4.14,76.00,19.80,24.73,Mon Jan  1 00:19:39 2024
4.17,4.09,4.12,4.10,4.10,4.14,76.00,19.80,24.70,Mon Jan  1 00:19:41 2024
4.17,4.10,4.12,4.10,4.10,4.14,80.00,19.80,24.74,Mon Jan  1 00:19:42 2024
4.16,4.10,4.11,4.09,4.09,4.14,76.00,19.80,24.70,Mon Jan  1 00:19:44 2024
4.15,4.08,4.10,4.08,4.09,4.12,128.00,19.80,24.61,Mon Jan  1 00:19:45 2024
4.15,4.09,4.10,4.07,4.08,4.12,144.00,19.80,24.61,Mon Jan  1 00:19:47 2024
4.15,4.08,4.10,4.08,4.07,4.12,148.00,19.80,24.50,Mon Jan  1 00:19:48 2024
4.15,4.08,4.10,4.08,4.07,4.12,156.00,19.80,24.57,Mon Jan  1 00:19:50 2024
4.15,4.07,4.09,4.08,4.08,4.11,156.00,19.80,24.63,Mon Jan  1 00:19:51 2024
4.15,4.08,4.10,4.08,4.08,4.12,132.00,19.80,24.62,Mon Jan  1 00:19:53 2024
4.15,4.08,4.10,4.08,4.09,4.12,132.00,19.80,24.60,Mon Jan  1 00:19:54 2024
4.15,4.08,4.10,4.08,4.09,4.12,156.00,19.80,24.60,Mon Jan  1 00:19:56 2024
4.15,4.08,4.10,4.08,4.09,4.12,132.00,19.80,24.60,Mon Jan  1 00:19:57 2024
4.15,4.08,4.10,4.07,4.08,4.13,132.00,19.80,24.57,Mon Jan  1 00:19:59 2024
4.14,4.07,4.10,4.07,4.08,4.12,128.00,19.80,24.60,Mon Jan  1 00:20:00 2024
4.15,4.08,4.10,4.07,4.08,4.12,132.00,19.80,24.60,Mon Jan  1 00:20:02 2024
4.15,4.08,4.10,4.07,4.07,4.12,128.00,19.80,24.59,Mon Jan  1 00:20:03 2024
4.15,4.08,4.10,4.06,4.08,4.12,132.00,19.80,24.61,Mon Jan  1 00:20:05 2024
4.14,4.08,4.10,4.07,4.08,4.12,132.00,19.80,24.50,Mon Jan  1 00:20:06 2024
4.14,4.07,4.10,4.08,4.07,4.13,128.00,19.80,24.54,Mon Jan  1 00:20:08 2024
4.14,4.08,4.09,4.07,4.08,4.12,132.00,19.80,24.61,Mon Jan  1 00:20:09 2024
4.15,4.07,4.10,4.07,4.07,4.12,128.00,19.80,24.54,Mon Jan  1 00:20:11 2024
4.14,4.07,4.10,4.07,4.07,4.12,136.00,19.80,24.57,Mon Jan  1 00:20:12 2024
4.15,4.08,4.10,4.07,4.08,4.12,132.00,19.80,24.58,Mon Jan  1 00:20:14 2024
4.15,4.08,4.10,4.07,4.08,4.12,128.00,19.80,24.57,Mon Jan  1 00:20:15 2024
4.13,4.08,4.10,4.07,4.07,4.12,132.00,19.80,24.58,Mon Jan  1 00:20:17 2024
4.15,4.08,4.10,4.07,4.07,4.12,128.00,19.80,24.51,Mon Jan  1 00:20:18 2024
4.15,4.07,4.09,4.07,4.08,4.12,132.00,19.80,24.58,Mon Jan  1 00:20:20 2024
4.14,4.08,4.09,4.08,4.08,4.11,132.00,19.80,24.57,Mon Jan  1 00:20:21 2024
4.14,4.08,4.10,4.08,4.08,4.11,132.00,19.80,24.63,Mon Jan  1 00:20:23 2024
4.14,4.07,4.09,4.07,4.07,4.12,132.00,19.80,24.54,Mon Jan  1 00:20:24 2024
4.14,4.08,4.10,4.07,4.07,4.11,132.00,19.80,24.56,Mon Jan  1 00:20:26 2024
4.14,4.08,4.09,4.07,4.08,4.12,132.00,19.80,24.59,Mon Jan  1 00:20:27 2024
4.14,4.07,4.10,4.08,4.07,4.12,132.00,19.80,24.50,Mon Jan  1 00:20:29 2024
4.13,4.07,4.09,4.07,4.08,4.12,128.00,19.80,24.53,Mon Jan  1 00:20:30 2024
4.14,4.07,4.10,4.07,4.07,4.12,132.00,19.80,24.56,Mon Jan  1 00:20:32 2024
4.14,4.07,4.10,4.07,4.08,4.11,132.00,19.80,24.57,Mon Jan  1 00:20:33 2024
4.14,4.07,4.09,4.07,4.07,4.11,132.00,19.80,24.47,Mon Jan  1 00:20:35 2024
4.14,4.07,4.09,4.07,4.07,4.11,132.00,19.80,24.61,Mon Jan  1 00:20:36 2024
4.14,4.07,4.09,4.07,4.08,4.11,132.00,19.80,24.58,Mon Jan  1 00:20:38 2024
4.14,4.07,4.10,4.08,4.07,4.11,132.00,19.80,24.62,Mon Jan  1 00:20:39 2024
4.13,4.08,4.09,4.07,4.07,4.11,132.00,19.80,24.60,Mon Jan  1 00:20:41 2024
4.14,4.07,4.10,4.07,4.07,4.12,128.00,19.80,24.60,Mon Jan  1 00:20:42 2024
4.14,4.07,4.09,4.07,4.07,4.11,132.00,19.80,24.54,Mon Jan  1 00:20:44 2024
4.14,4.07,4.10,4.07,4.08,4.11,132.00,19.80,24.60,Mon Jan  1 00:20:45 2024
4.13,4.07,4.09,4.07,4.08,4.11,132.00,19.80,24.50,Mon Jan  1 00:20:47 2024
4.13,4.07,4.09,4.07,4.08,4.11,132.00,19.80,24.52,Mon Jan  1 00:20:48 2024
4.13,4.07,4.09,4.07,4.07,4.11,128.00,19.80,24.58,Mon Jan  1 00:20:50 2024
4.14,4.06,4.09,4.07,4.07,4.11,132.00,19.80,24.58,Mon Jan  1 00:20:51 2024
4.14,4.07,4.09,4.06,4.08,4.11,132.00,19.80,24.57,Mon Jan  1 00:20:53 2024
4.13,4.08,4.09,4.07,4.07,4.11,128.00,19.80,24.60,Mon Jan  1 00:20:54 2024
4.13,4.07,4.09,4.07,4.06,4.11,132.00,19.80,24.56,Mon Jan  1 00:20:56 2024
4.13,4.07,4.09,4.07,4.07,4.11,128.00,19.80,24.57,Mon Jan  1 00:20:57 2024
4.13,4.06,4.10,4.07,4.07,4.10,132.00,19.80,24.50,Mon Jan  1 00:20:59 2024
4.12,4.07,4.09,4.07,4.07,4.11,132.00,19.80,24.51,Mon Jan  1 00:21:00 2024
4.14,4.07,4.10,4.08,4.07,4.11,132.00,19.80,24.63,Mon Jan  1 00:21:02 2024
4.13,4.07,4.09,4.07,4.08,4.11,128.00,19.80,24.54,Mon Jan  1 00:21:03 2024
4.13,4.08,4.10,4.06,4.08,4.11,132.00,19.80,24.56,Mon Jan  1 00:21:05 2024
4.13,4.07,4.09,4.06,4.07,4.11,132.00,19.80,24.53,Mon Jan  1 00:21:06 2024
4.13,4.07,4.09,4.07,4.07,4.11,132.00,19.80,24.55,Mon Jan  1 00:21:08 2024
4.13,4.08,4.10,4.06,4.07,4.12,132.00,19.80,24.58,Mon Jan  1 00:21:09 2024
4.13,4.07,4.09,4.07,4.07,4.12,132.00,19.80,24.57,Mon Jan  1 00:21:11 2024
4.13,4.07,4.09,4.08,4.07,4.12,132.00,19.80,24.52,Mon Jan  1 00:21:12 2024
4.12,4.07,4.09,4.07,4.07,4.11,132.00,19.80,24.47,Mon Jan  1 00:21:14 2024
4.12,4.08,4.09,4.06,4.07,4.11,128.00,19.80,24.50,Mon Jan  1 00:21:15 2024
4.12,4.07,4.09,4.07,4.08,4.11,132.00,19.80,24.58,Mon Jan  1 00:21:17 2024
4.12,4.07,4.09,4.06,4.07,4.11,132.00,19.80,24.58,Mon Jan  1 00:21:18 2024
4.12,4.06,4.09,4.07,4.07,4.11,132.00,19.80,24.53,Mon Jan  1 00:21:20 2024
4.12,4.07,4.09,4.07,4.08,4.11,132.00,19.80,24.53,Mon Jan  1 00:21:21 2024
4.12,4.07,4.09,4.07,4.07,4.11,128.00,19.80,24.58,Mon Jan  1 00:21:23 2024
4.12,4.06,4.09,4.07,4.07,4.12,132.00,19.80,24.48,Mon Jan  1 00:21:24 2024
4.13,4.07,4.10,4.07,4.07,4.12,132.00,19.80,24.51,Mon Jan  1 00:21:26 2024
4.13,4.07,4.09,4.07,4.07,4.11,132.00,19.80,24.54,Mon Jan  1 00:21:27 2024
4.12,4.07,4.09,4.07,4.07,4.12,132.00,19.80,24.57,Mon Jan  1 00:21:29 2024
4.12,4.07,4.09,4.07,4.07,4.12,128.00,19.80,24.52,Mon Jan  1 00:21:30 2024
4.12,4.07,4.10,4.07,4.08,4.12,132.00,19.80,24.58,Mon Jan  1 00:21:32 2024
4.12,4.07,4.09,4.07,4.07,4.11,132.00,19.80,24.54,Mon Jan  1 00:21:33 2024
4.12,4.07,4.09,4.06,4.07,4.12,136.00,19.80,24.47,Mon Jan  1 00:21:35 2024
4.12,4.07,4.10,4.07,4.08,4.12,132.00,19.80,24.58,Mon Jan  1 00:21:36 2024
4.12,4.07,4.10,4.07,4.07,4.12,128.00,19.80,24.53,Mon Jan  1 00:21:38 2024
4.12,4.06,4.10,4.07,4.07,4.11,132.00,19.80,24.55,Mon Jan  1 00:21:39 2024
4.12,4.07,4.09,4.07,4.08,4.12,132.00,19.80,24.60,Mon Jan  1 00:21:41 2024
4.12,4.06,4.09,4.07,4.07,4.12,132.00,19.80,24.54,Mon Jan  1 00:21:42 2024
4.11,4.07,4.09,4.06,4.08,4.11,132.00,19.80,24.50,Mon Jan  1 00:21:44 2024
4.12,4.07,4.10,4.07,4.07,4.12,132.00,19.80,24.56,Mon Jan  1 00:21:45 2024
4.12,4.06,4.09,4.06,4.08,4.12,132.00,19.80,24.51,Mon Jan  1 00:21:47 2024
4.12,4.07,4.09,4.07,4.08,4.11,132.00,19.80,24.56,Mon Jan  1 00:21:48 2024
4.11,4.07,4.09,4.06,4.07,4.11,132.00,19.80,24.54,Mon Jan  1 00:21:50 2024
4.11,4.07,4.09,4.06,4.07,4.11,132.00,19.80,24.47,Mon Jan  1 00:21:51 2024
4.11,4.07,4.09,4.07,4.08,4.11,132.00,19.80,24.52,Mon Jan  1 00:21:53 2024
4.11,4.07,4.09,4.07,4.07,4.12,132.00,19.80,24.54,Mon Jan  1 00:21:54 2024
4.12,4.07,4.09,4.06,4.08,4.12,132.00,19.80,24.58,Mon Jan  1 00:21:56 2024
4.11,4.07,4.09,4.07,4.08,4.12,132.00,19.80,24.56,Mon Jan  1 00:21:57 2024
4.11,4.06,4.09,4.06,4.07,4.11,148.00,19.80,24.50,Mon Jan  1 00:21:59 2024
4.12,4.07,4.09,4.07,4.08,4.12,132.00,19.80,24.56,Mon Jan  1 00:22:00 2024
4.11,4.07,4.09,4.07,4.07,4.12,132.00,19.80,24.60,Mon Jan  1 00:22:02 2024
4.11,4.06,4.09,4.07,4.07,4.11,132.00,19.80,24.52,Mon Jan  1 00:22:03 2024
4.11,4.07,4.09,4.07,4.07,4.12,132.00,19.80,24.53,Mon Jan  1 00:22:05 2024
4.11,4.06,4.09,4.07,4.07,4.11,128.00,19.80,24.48,Mon Jan  1 00:22:06 2024
4.11,4.07,4.09,4.07,4.07,4.11,132.00,19.80,24.47,Mon Jan  1 00:22:08 2024
4.11,4.07,4.09,4.07,4.07,4.11,132.00,19.80,24.53,Mon Jan  1 00:22:09 2024
4.11,4.07,4.09,4.06,4.07,4.11,132.00,19.80,24.47,Mon Jan  1 00:22:11 2024
4.13,4.07,4.09,4.07,4.08,4.11,132.00,19.80,24.50,Mon Jan  1 00:22:12 2024
4.11,4.06,4.09,4.07,4.07,4.11,128.00,19.80,24.61,Mon Jan  1 00:22:14 2024
4.11,4.06,4.09,4.07,4.07,4.11,132.00,19.80,24.48,Mon Jan  1 00:22:15 2024
4.11,4.06,4.09,4.07,4.07,4.12,132.00,19.80,24.47,Mon Jan  1 00:22:17 2024
4.10,4.06,4.09,4.07,4.07,4.12,132.00,19.80,24.58,Mon Jan  1 00:22:18 2024
4.12,4.06,4.08,4.07,4.07,4.11,132.00,19.80,24.57,Mon Jan  1 00:22:20 2024
4.11,4.06,4.09,4.07,4.07,4.11,132.00,19.80,24.55,Mon Jan  1 00:22:21 2024
4.11,4.06,4.09,4.07,4.08,4.11,132.00,19.80,24.53,Mon Jan  1 00:22:23 2024
4.10,4.06,4.09,4.07,4.07,4.12,132.00,19.80,24.54,Mon Jan  1 00:22:24 2024
4.11,4.06,4.09,4.07,4.08,4.11,128.00,19.80,24.56,Mon Jan  1 00:22:26 2024
4.11,4.06,4.09,4.07,4.07,4.11,132.00,19.80,24.52,Mon Jan  1 00:22:27 2024
4.10,4.06,4.09,4.06,4.06,4.11,132.00,19.80,24.57,Mon Jan  1 00:22:29 2024
4.11,4.07,4.09,4.06,4.07,4.11,132.00,19.80,24.49,Mon Jan  1 00:22:30 2024
4.11,4.07,4.09,4.07,4.07,4.11,132.00,19.80,24.51,Mon Jan  1 00:22:32 2024
4.11,4.07,4.09,4.06,4.07,4.12,132.00,19.80,24.54,Mon Jan  1 00:22:33 2024
4.11,4.06,4.09,4.07,4.07,4.12,132.00,19.80,24.56,Mon Jan  1 00:22:35 2024
4.10,4.06,4.09,4.07,4.07,4.11,132.00,19.80,24.54,Mon Jan  1 00:22:36 2024
4.10,4.06,4.09,4.06,4.07,4.11,128.00,19.80,24.52,Mon Jan  1 00:22:38 2024
4.11,4.06,4.09,4.07,4.07,4.11,132.00,19.80,24.52,Mon Jan  1 00:22:39 2024
4.10,4.07,4.09,4.07,4.07,4.11,132.00,19.80,24.54,Mon Jan  1 00:22:41 2024
4.11,4.06,4.09,4.06,4.07,4.12,128.00,19.80,24.46,Mon Jan  1 00:22:42 2024
4.10,4.06,4.10,4.07,4.08,4.12,132.00,19.80,24.54,Mon Jan  1 00:22:44 2024
4.11,4.06,4.09,4.07,4.07,4.12,132.00,19.80,24.46,Mon Jan  1 00:22:45 2024
4.12,4.06,4.09,4.06,4.07,4.10,128.00,19.80,24.52,Mon Jan  1 00:22:47 2024
4.10,4.06,4.09,4.06,4.07,4.11,132.00,19.80,24.47,Mon Jan  1 00:22:48 2024
4.10,4.07,4.10,4.07,4.07,4.11,152.00,19.80,24.47,Mon Jan  1 00:22:50 2024
4.11,4.06,4.09,4.06,4.07,4.09,132.00,19.80,24.47,Mon Jan  1 00:22:51 2024
4.11,4.06,4.09,4.07,4.07,4.09,132.00,19.80,24.49,Mon Jan  1 00:22:53 2024
4.10,4.07,4.09,4.07,4.07,4.09,132.00,19.80,24.49,Mon Jan  1 00:22:54 2024
4.10,4.07,4.12,4.08,4.08,4.10,-2432.00,19.80,26.65,Mon Jan  1 00:22:56 2024
4.11,4.07,4.11,4.08,4.08,4.11,-2396.00,19.80,24.52,Mon Jan  1 00:22:57 2024
4.10,4.07,4.12,4.08,4.09,4.11,-2232.00,19.80,24.69,Mon Jan  1 00:22:59 2024
4.10,4.07,4.12,4.08,4.09,4.11,-2384.00,19.80,24.60,Mon Jan  1 00:23:00 2024
4.11,4.07,4.12,4.09,4.09,4.11,-2000.00,19.80,24.70,Mon Jan  1 00:23:02 2024
4.11,4.08,4.13,4.08,4.09,4.12,-1992.00,19.80,24.68,Mon Jan  1 00:23:03 2024
4.10,4.08,4.13,4.09,4.09,4.13,-2344.00,19.80,24.68,Mon Jan  1 00:23:05 2024
4.11,4.07,4.13,4.08,4.09,4.16,-2296.00,19.80,24.77,Mon Jan  1 00:23:06 2024
4.11,4.07,4.13,4.08,4.09,4.16,-2184.00,19.80,24.74,Mon Jan  1 00:23:08 2024
4.10,4.07,4.13,4.08,4.09,4.17,-2276.00,19.80,24.65,Mon Jan  1 00:23:09 2024
4.11,4.08,4.12,4.08,4.09,4.17,-2372.00,19.80,24.77,Mon Jan  1 00:23:11 2024
4.11,4.08,4.13,4.08,4.09,4.17,-1900.00,19.80,24.64,Mon Jan  1 00:23:12 2024
4.11,4.08,4.13,4.08,4.09,4.18,-1924.00,19.80,24.77,Mon Jan  1 00:23:14 2024
4.11,4.09,4.13,4.09,4.09,4.18,-2148.00,19.80,24.77,Mon Jan  1 00:23:15 2024
4.11,4.08,4.13,4.10,4.09,4.18,-2044.00,19.80,24.70,Mon Jan  1 00:23:17 2024
4.12,4.08,4.13,4.09,4.09,4.18,-2356.00,19.80,24.78,Mon Jan  1 00:23:18 2024
4.10,4.08,4.13,4.09,4.10,4.18,-2352.00,19.80,24.78,Mon Jan  1 00:23:20 2024
4.11,4.08,4.13,4.09,4.09,4.18,-1908.00,19.80,24.85,Mon Jan  1 00:23:21 2024
4.11,4.08,4.13,4.09,4.10,4.18,-1916.00,19.80,24.79,Mon Jan  1 00:23:23 2024
4.11,4.08,4.13,4.09,4.11,4.19,-2060.00,19.80,24.64,Mon Jan  1 00:23:24 2024
4.11,4.08,4.13,4.10,4.10,4.18,-1868.00,19.80,24.83,Mon Jan  1 00:23:26 2024
4.12,4.08,4.14,4.10,4.10,4.16,-2276.00,19.80,24.76,Mon Jan  1 00:23:27 2024
4.12,4.08,4.13,4.09,4.10,4.18,-2300.00,19.80,24.79,Mon Jan  1 00:23:29 2024
4.12,4.09,4.13,4.09,4.10,4.18,-1924.00,19.80,24.84,Mon Jan  1 00:23:30 2024
4.12,4.09,4.14,4.10,4.11,4.20,-2092.00,19.80,24.91,Mon Jan  1 00:23:32 2024
4.12,4.09,4.13,4.09,4.10,4.19,-1896.00,19.80,24.78,Mon Jan  1 00:23:33 2024
4.11,4.09,4.13,4.08,4.10,4.19,-1852.00,19.80,24.82,Mon Jan  1 00:23:35 2024
4.11,4.08,4.14,4.10,4.11,4.20,-1892.00,19.80,24.70,Mon Jan  1 00:23:36 2024
4.12,4.08,4.13,4.09,4.10,4.20,-2336.00,19.80,24.78,Mon Jan  1 00:23:38 2024
4.11,4.09,4.13,4.10,4.11,4.20,-2292.00,19.80,24.81,Mon Jan  1 00:23:39 2024
4.12,4.08,4.14,4.10,4.10,4.20,-2140.00,19.80,24.82,Mon Jan  1 00:23:41 2024
4.12,4.08,4.12,4.09,4.10,4.16,132.00,19.80,24.70,Mon Jan  1 00:23:42 2024
4.12,4.08,4.11,4.09,4.10,4.15,132.00,19.80,24.63,Mon Jan  1 00:23:44 2024
4.13,4.08,4.11,4.09,4.10,4.15,136.00,19.80,24.58,Mon Jan  1 00:23:45 2024
4.12,4.08,4.11,4.08,4.09,4.15,132.00,19.80,24.63,Mon Jan  1 00:23:47 2024
4.12,4.08,4.11,4.09,4.09,4.15,132.00,19.80,24.61,Mon Jan  1 00:23:48 2024
4.12,4.08,4.11,4.09,4.10,4.15,132.00,19.80,24.63,Mon Jan  1 00:23:50 2024
4.12,4.07,4.11,4.08,4.09,4.15,136.00,19.80,24.58,Mon Jan  1 00:23:51 2024
4.12,4.08,4.10,4.08,4.09,4.14,132.00,19.80,24.62,Mon Jan  1 00:23:53 2024
4.12,4.07,4.10,4.08,4.08,4.14,132.00,19.80,24.64,Mon Jan  1 00:23:54 2024
4.12,4.08,4.10,4.08,4.09,4.14,132.00,19.80,24.59,Mon Jan  1 00:23:56 2024
4.12,4.08,4.11,4.08,4.09,4.14,132.00,19.80,24.60,Mon Jan  1 00:23:57 2024
4.12,4.08,4.10,4.08,4.09,4.13,128.00,19.90,24.60,Mon Jan  1 00:23:59 2024
4.12,4.08,4.10,4.09,4.09,4.14,136.00,19.90,24.62,Mon Jan  1 00:24:00 2024
4.12,4.07,4.10,4.09,4.09,4.13,132.00,20.00,24.62,Mon Jan  1 00:24:02 2024
4.12,4.08,4.10,4.08,4.09,4.14,132.00,20.00,24.62,Mon Jan  1 00:24:03 2024
4.12,4.07,4.10,4.08,4.09,4.14,132.00,20.10,24.62,Mon Jan  1 00:24:05 2024
4.12,4.08,4.10,4.08,4.09,4.14,132.00,20.10,24.58,Mon Jan  1 00:24:06 2024
4.12,4.08,4.11,4.09,4.09,4.13,132.00,20.20,24.61,Mon Jan  1 00:24:08 2024
4.11,4.07,4.10,4.08,4.09,4.13,132.00,20.20,24.54,Mon Jan  1 00:24:09 2024
4.11,4.07,4.10,4.08,4.09,4.14,132.00,20.20,24.59,Mon Jan  1 00:24:11 2024
4.12,4.08,4.10,4.08,4.09,4.13,132.00,20.20,24.63,Mon Jan  1 00:24:12 2024
4.11,4.07,4.10,4.09,4.09,4.13,132.00,20.20,24.58,Mon Jan  1 00:24:14 2024
4.12,4.07,4.10,4.08,4.09,4.14,132.00,20.20,24.62,Mon Jan  1 00:24:15 2024
4.11,4.07,4.09,4.09,4.09,4.13,132.00,20.20,24.61,Mon Jan  1 00:24:17 2024
4.12,4.07,4.10,4.08,4.09,4.13,132.00,20.20,24.57,Mon Jan  1 00:24:18 2024
4.12,4.07,4.10,4.08,4.09,4.13,132.00,20.20,24.63,Mon Jan  1 00:24:20 2024
4.11,4.07,4.09,4.07,4.08,4.13,132.00,20.20,24.53,Mon Jan  1 00:24:21 2024
4.11,4.07,4.10,4.08,4.08,4.13,132.00,20.20,24.58,Mon Jan  1 00:24:23 2024
4.11,4.06,4.09,4.08,4.09,4.13,132.00,20.20,24.63,Mon Jan  1 00:24:24 2024
4.12,4.07,4.09,4.08,4.08,4.13,132.00,20.20,24.57,Mon Jan  1 00:24:26 2024
4.12,4.07,4.10,4.08,4.08,4.13,132.00,20.20,24.58,Mon Jan  1 00:24:27 2024
4.11,4.07,4.09,4.08,4.08,4.13,132.00,20.20,24.60,Mon Jan  1 00:24:29 2024
4.11,4.07,4.09,4.08,4.08,4.13,132.00,20.20,24.57,Mon Jan  1 00:24:30 2024
4.12,4.07,4.10,4.08,4.08,4.13,132.00,20.20,24.62,Mon Jan  1 00:24:32 2024
4.12,4.07,4.10,4.07,4.08,4.13,136.00,20.20,24.56,Mon Jan  1 00:24:33 2024
4.11,4.07,4.10,4.07,4.08,4.13,132.00,20.20,24.56,Mon Jan  1 00:24:35 2024
4.12,4.07,4.10,4.08,4.09,4.13,132.00,20.20,24.61,Mon Jan  1 00:24:36 2024
4.11,4.06,4.09,4.08,4.08,4.12,132.00,20.20,24.57,Mon Jan  1 00:24:38 2024
4.11,4.07,4.09,4.08,4.09,4.13,132.00,20.20,24.52,Mon Jan  1 00:24:39 2024
4.12,4.07,4.09,4.08,4.08,4.13,132.00,20.20,24.57,Mon Jan  1 00:24:41 2024
4.12,4.07,4.10,4.08,4.08,4.13,132.00,20.20,24.58,Mon Jan  1 00:24:42 2024
4.11,4.07,4.10,4.08,4.08,4.13,132.00,20.20,24.56,Mon Jan  1 00:24:44 2024
4.11,4.07,4.10,4.08,4.09,4.13,132.00,20.20,24.54,Mon Jan  1 00:24:45 2024
4.11,4.07,4.10,4.08,4.09,4.13,132.00,20.20,24.50,Mon Jan  1 00:24:47 2024
4.11,4.07,4.10,4.08,4.09,4.13,132.00,20.20,24.54,Mon Jan  1 00:24:48 2024
4.12,4.07,4.09,4.08,4.08,4.13,132.00,20.20,24.57,Mon Jan  1 00:24:50 2024
4.10,4.07,4.10,4.08,4.08,4.13,132.00,20.20,24.55,Mon Jan  1 00:24:51 2024
4.11,4.07,4.09,4.07,4.08,4.12,132.00,20.20,24.52,Mon Jan  1 00:24:53 2024
4.11,4.07,4.09,4.08,4.08,4.13,132.00,20.20,24.61,Mon Jan  1 00:24:54 2024
4.11,4.07,4.10,4.08,4.09,4.13,132.00,20.20,24.47,Mon Jan  1 00:24:56 2024
4.11,4.07,4.10,4.07,4.08,4.13,132.00,20.20,24.60,Mon Jan  1 00:24:57 2024
4.11,4.07,4.10,4.08,4.09,4.12,132.00,20.20,24.48,Mon Jan  1 00:24:59 2024
4.11,4.07,4.09,4.07,4.08,4.12,132.00,20.20,24.53,Mon Jan  1 00:25:00 2024
4.11,4.07,4.10,4.08,4.08,4.13,132.00,20.20,24.54,Mon Jan  1 00:25:02 2024
4.11,4.07,4.10,4.08,4.08,4.13,136.00,20.20,24.54,Mon Jan  1 00:25:03 2024
4.10,4.06,4.10,4.07,4.08,4.13,132.00,20.20,24.54,Mon Jan  1 00:25:05 2024
4.11,4.07,4.10,4.07,4.09,4.14,132.00,20.20,24.50,Mon Jan  1 00:25:06 2024
4.11,4.07,4.09,4.07,4.08,4.13,132.00,20.20,24.57,Mon Jan  1 00:25:08 2024
4.10,4.07,4.10,4.07,4.08,4.13,132.00,20.20,24.52,Mon Jan  1 00:25:09 2024
4.11,4.08,4.10,4.07,4.09,4.13,132.00,20.20,24.54,Mon Jan  1 00:25:11 2024
4.10,4.07,4.10,4.08,4.09,4.13,132.00,20.20,24.58,Mon Jan  1 00:25:12 2024
4.11,4.07,4.09,4.08,4.08,4.13,132.00,20.20,24.59,Mon Jan  1 00:25:14 2024
4.10,4.07,4.09,4.08,4.09,4.13,132.00,20.20,24.51,Mon Jan  1 00:25:15 2024
4.10,4.06,4.09,4.07,4.08,4.13,132.00,20.20,24.58,Mon Jan  1 00:25:17 2024
4.10,4.07,4.10,4.08,4.07,4.12,132.00,20.20,24.53,Mon Jan  1 00:25:18 2024
4.10,4.06,4.09,4.07,4.08,4.13,132.00,20.20,24.57,Mon Jan  1 00:25:20 2024
4.10,4.07,4.09,4.07,4.08,4.13,132.00,20.20,24.51,Mon Jan  1 00:25:21 2024
4.10,4.07,4.09,4.07,4.08,4.13,132.00,20.20,24.56,Mon Jan  1 00:25:23 2024
4.10,4.06,4.09,4.07,4.08,4.13,132.00,20.20,24.53,Mon Jan  1 00:25:24 2024
4.10,4.06,4.09,4.07,4.09,4.13,128.00,20.20,24.58,Mon Jan  1 00:25:26 2024
4.10,4.07,4.09,4.08,4.08,4.13,132.00,20.20,24.56,Mon Jan  1 00:25:27 2024
4.10,4.06,4.10,4.07,4.08,4.13,132.00,20.20,24.52,Mon Jan  1 00:25:29 2024
4.10,4.07,4.09,4.07,4.08,4.12,132.00,20.20,24.58,Mon Jan  1 00:25:30 2024
4.10,4.06,4.09,4.07,4.09,4.12,132.00,20.20,24.59,Mon Jan  1 00:25:32 2024
4.10,4.06,4.09,4.07,4.08,4.13,136.00,20.20,24.56,Mon Jan  1 00:25:33 2024
4.10,4.07,4.10,4.08,4.07,4.13,132.00,20.20,24.51,Mon Jan  1 00:25:35 2024
4.11,4.06,4.09,4.07,4.08,4.13,132.00,20.20,24.53,Mon Jan  1 00:25:36 2024
4.09,4.06,4.09,4.07,4.08,4.12,132.00,20.20,24.48,Mon Jan  1 00:25:38 2024
4.10,4.07,4.09,4.07,4.08,4.13,132.00,20.20,24.59,Mon Jan  1 00:25:39 2024
4.10,4.06,4.10,4.08,4.09,4.12,132.00,20.20,24.54,Mon Jan  1 00:25:41 2024
4.11,4.06,4.09,4.07,4.08,4.13,132.00,20.20,24.56,Mon Jan  1 00:25:42 2024
4.10,4.06,4.09,4.07,4.09,4.12,132.00,20.20,24.44,Mon Jan  1 00:25:44 2024
4.10,4.07,4.09,4.07,4.07,4.13,132.00,20.20,24.51,Mon Jan  1 00:25:45 2024
4.10,4.06,4.10,4.07,4.09,4.12,132.00,20.20,24.57,Mon Jan  1 00:25:47 2024
4.10,4.06,4.09,4.07,4.08,4.13,132.00,20.20,24.58,Mon Jan  1 00:25:48 2024
4.10,4.07,4.09,4.07,4.08,4.13,132.00,20.20,24.53,Mon Jan  1 00:25:50 2024
4.10,4.06,4.10,4.07,4.08,4.13,136.00,20.20,24.58,Mon Jan  1 00:25:51 2024
4.10,4.06,4.09,4.07,4.08,4.13,132.00,20.20,24.58,Mon Jan  1 00:25:53 2024
4.10,4.07,4.09,4.07,4.08,4.13,132.00,20.20,24.53,Mon Jan  1 00:25:54 2024
4.10,4.06,4.09,4.07,4.08,4.13,132.00,20.20,24.54,Mon Jan  1 00:25:56 2024
4.10,4.06,4.09,4.07,4.08,4.12,132.00,20.20,24.53,Mon Jan  1 00:25:57 2024
4.10,4.06,4.09,4.08,4.08,4.13,132.00,20.20,24.58,Mon Jan  1 00:25:59 2024
4.10,4.06,4.09,4.07,4.08,4.13,128.00,20.20,24.56,Mon Jan  1 00:26:00 2024
4.09,4.06,4.09,4.07,4.09,4.13,132.00,20.20,24.54,Mon Jan  1 00:26:02 2024
4.10,4.06,4.09,4.07,4.09,4.12,132.00,20.20,24.48,Mon Jan  1 00:26:03 2024
4.10,4.06,4.09,4.07,4.08,4.13,132.00,20.20,24.47,Mon Jan  1 00:26:05 2024
4.10,4.06,4.09,4.08,4.08,4.13,132.00,20.20,24.53,Mon Jan  1 00:26:06 2024
4.10,4.06,4.09,4.07,4.07,4.12,132.00,20.20,24.51,Mon Jan  1 00:26:08 2024
4.10,4.06,4.10,4.07,4.08,4.13,132.00,20.20,24.54,Mon Jan  1 00:26:09 2024
4.09,4.07,4.09,4.07,4.09,4.13,132.00,20.20,24.48,Mon Jan  1 00:26:11 2024
4.10,4.06,4.10,4.07,4.08,4.12,132.00,20.20,24.53,Mon Jan  1 00:26:12 2024
4.10,4.07,4.09,4.07,4.08,4.13,132.00,20.20,24.52,Mon Jan  1 00:26:14 2024
4.09,4.06,4.09,4.07,4.09,4.13,128.00,20.20,24.56,Mon Jan  1 00:26:15 2024
4.10,4.06,4.10,4.08,4.08,4.12,132.00,20.20,24.47,Mon Jan  1 00:26:17 2024
4.10,4.06,4.09,4.08,4.08,4.12,132.00,20.20,24.48,Mon Jan  1 00:26:18 2024
4.09,4.06,4.09,4.07,4.07,4.13,132.00,20.20,24.54,Mon Jan  1 00:26:20 2024
4.09,4.06,4.10,4.07,4.08,4.13,132.00,20.20,24.52,Mon Jan  1 00:26:21 2024
4.09,4.06,4.09,4.07,4.09,4.13,132.00,20.20,24.53,Mon Jan  1 00:26:23 2024
4.10,4.06,4.09,4.07,4.08,4.13,132.00,20.20,24.49,Mon Jan  1 00:26:24 2024
4.09,4.06,4.09,4.08,4.09,4.13,132.00,20.20,24.52,Mon Jan  1 00:26:26 2024
4.10,4.06,4.09,4.07,4.08,4.12,132.00,20.20,24.51,Mon Jan  1 00:26:27 2024
4.09,4.05,4.09,4.07,4.07,4.13,132.00,20.20,24.51,Mon Jan  1 00:26:29 2024
4.09,4.06,4.09,4.07,4.08,4.13,132.00,20.20,24.50,Mon Jan  1 00:26:30 2024
4.09,4.06,4.09,4.07,4.07,4.12,132.00,20.20,24.47,Mon Jan  1 00:26:32 2024
4.09,4.06,4.08,4.07,4.07,4.13,132.00,20.20,24.48,Mon Jan  1 00:26:33 2024
4.10,4.06,4.10,4.07,4.08,4.13,132.00,20.20,24.48,Mon Jan  1 00:26:35 2024
4.09,4.06,4.09,4.07,4.08,4.13,132.00,20.20,24.53,Mon Jan  1 00:26:36 2024
4.09,4.06,4.10,4.07,4.08,4.12,132.00,20.20,24.51,Mon Jan  1 00:26:38 2024
4.09,4.06,4.09,4.07,4.08,4.13,132.00,20.20,24.48,Mon Jan  1 00:26:39 2024
4.09,4.06,4.09,4.07,4.08,4.13,132.00,20.20,24.47,Mon Jan  1 00:26:41 2024
4.09,4.06,4.09,4.07,4.08,4.13,132.00,20.20,24.50,Mon Jan  1 00:26:42 2024
4.09,4.06,4.09,4.06,4.09,4.13,132.00,20.20,24.50,Mon Jan  1 00:26:44 2024
4.10,4.06,4.09,4.07,4.08,4.13,132.00,20.20,24.54,Mon Jan  1 00:26:45 2024
4.10,4.06,4.09,4.08,4.08,4.13,132.00,20.20,24.53,Mon Jan  1 00:26:47 2024
4.10,4.06,4.09,4.07,4.08,4.13,132.00,20.20,24.53,Mon Jan  1 00:26:48 2024
4.09,4.06,4.10,4.07,4.08,4.13,132.00,20.20,24.54,Mon Jan  1 00:26:50 2024
4.09,4.06,4.09,4.07,4.09,4.12,132.00,20.20,24.53,Mon Jan  1 00:26:51 2024
4.09,4.06,4.09,4.07,4.09,4.13,132.00,20.20,24.52,Mon Jan  1 00:26:53 2024
4.09,4.06,4.09,4.07,4.08,4.13,132.00,20.20,24.48,Mon Jan  1 00:26:54 2024
4.09,4.06,4.09,4.06,4.08,4.13,132.00,20.20,24.53,Mon Jan  1 00:26:56 2024
4.09,4.06,4.09,4.07,4.08,4.13,132.00,20.20,24.53,Mon Jan  1 00:26:57 2024
4.09,4.06,4.09,4.07,4.08,4.13,132.00,20.20,24.50,Mon Jan  1 00:26:59 2024
4.09,4.06,4.09,4.08,4.08,4.13,132.00,20.20,24.49,Mon Jan  1 00:27:00 2024
4.09,4.06,4.09,4.07,4.09,4.13,132.00,20.20,24.52,Mon Jan  1 00:27:02 2024
4.09,4.06,4.09,4.07,4.08,4.13,132.00,20.20,24.47,Mon Jan  1 00:27:03 2024
4.09,4.06,4.09,4.07,4.08,4.13,132.00,20.20,24.49,Mon Jan  1 00:27:05 2024
4.09,4.06,4.09,4.07,4.08,4.13,132.00,20.20,24.50,Mon Jan  1 00:27:06 2024
4.09,4.06,4.09,4.07,4.08,4.13,136.00,20.20,24.48,Mon Jan  1 00:27:08 2024
4.09,4.07,4.09,4.07,4.07,4.13,132.00,20.20,24.54,Mon Jan  1 00:27:09 2024
4.08,4.05,4.09,4.07,4.07,4.13,132.00,20.20,24.56,Mon Jan  1 00:27:11 2024
4.09,4.06,4.09,4.07,4.08,4.13,156.00,20.20,24.54,Mon Jan  1 00:27:12 2024
4.09,4.06,4.10,4.07,4.08,4.13,132.00,20.20,24.47,Mon Jan  1 00:27:14 2024
4.09,4.06,4.09,4.08,4.08,4.13,132.00,20.20,24.52,Mon Jan  1 00:27:15 2024
4.09,4.05,4.09,4.07,4.08,4.13,132.00,20.20,24.47,Mon Jan  1 00:27:17 2024
4.08,4.06,4.09,4.07,4.08,4.13,132.00,20.20,24.46,Mon Jan  1 00:27:18 2024
4.09,4.06,4.09,4.07,4.08,4.13,132.00,20.20,24.46,Mon Jan  1 00:27:20 2024
4.10,4.06,4.09,4.07,4.08,4.13,132.00,20.20,24.56,Mon Jan  1 00:27:21 2024
4.09,4.06,4.10,4.07,4.09,4.13,132.00,20.20,24.51,Mon Jan  1 00:27:23 2024
4.09,4.06,4.09,4.07,4.08,4.13,132.00,20.20,24.53,Mon Jan  1 00:27:24 2024
4.09,4.06,4.09,4.07,4.08,4.13,132.00,20.20,24.53,Mon Jan  1 00:27:26 2024
4.08,4.06,4.09,4.07,4.08,4.13,132.00,20.20,24.56,Mon Jan  1 00:27:27 2024
4.09,4.05,4.09,4.07,4.08,4.13,132.00,20.20,24.48,Mon Jan  1 00:27:29 2024
4.08,4.06,4.09,4.08,4.09,4.13,136.00,20.20,24.47,Mon Jan  1 00:27:30 2024
4.09,4.06,4.09,4.07,4.08,4.13,132.00,20.20,24.46,Mon Jan  1 00:27:32 2024
4.08,4.05,4.09,4.08,4.08,4.13,132.00,20.20,24.54,Mon Jan  1 00:27:33 2024
4.09,4.06,4.09,4.07,4.08,4.13,132.00,20.20,24.54,Mon Jan  1 00:27:35 2024
4.08,4.06,4.10,4.07,4.08,4.13,136.00,20.20,24.50,Mon Jan  1 00:27:36 2024
4.08,4.06,4.09,4.07,4.08,4.13,132.00,20.20,24.47,Mon Jan  1 00:27:38 2024
4.09,4.06,4.09,4.07,4.08,4.13,132.00,20.20,24.49,Mon Jan  1 00:27:39 2024
4.09,4.06,4.09,4.07,4.08,4.13,132.00,20.20,24.44,Mon Jan  1 00:27:41 2024
4.09,4.05,4.10,4.07,4.09,4.13,132.00,20.20,24.48,Mon Jan  1 00:27:42 2024
4.09,4.07,4.09,4.07,4.08,4.13,132.00,20.20,24.50,Mon Jan  1 00:27:44 2024
4.08,4.06,4.09,4.08,4.09,4.13,132.00,20.20,24.49,Mon Jan  1 00:27:45 2024
4.08,4.06,4.09,4.08,4.08,4.13,132.00,20.20,24.51,Mon Jan  1 00:27:47 2024
4.09,4.06,4.09,4.07,4.08,4.13,132.00,20.20,24.53,Mon Jan  1 00:27:48 2024
4.08,4.05,4.09,4.07,4.08,4.13,132.00,20.20,24.49,Mon Jan  1 00:27:50 2024
4.08,4.06,4.09,4.07,4.08,4.13,132.00,20.20,24.50,Mon Jan  1 00:27:51 2024
4.09,4.06,4.09,4.07,4.08,4.13,132.00,20.20,24.49,Mon Jan  1 00:27:53 2024
4.08,4.06,4.09,4.07,4.08,4.13,132.00,20.20,24.49,Mon Jan  1 00:27:54 2024
4.09,4.06,4.09,4.07,4.08,4.13,132.00,20.20,24.52,Mon Jan  1 00:27:56 2024
4.08,4.06,4.09,4.08,4.08,4.11,132.00,20.20,24.48,Mon Jan  1 00:27:57 2024
